0, 0, 0, 0
0.001, 0, 0, 0.01
0.002, 0, 0.000194257, 0.0199
0.003, 1.94257e-07, 0.000577077, 0.029701
0.004, 7.71335e-07, 0.001143, 0.039404
0.005, 1.91434e-06, 0.00188679, 0.04901
0.006, 3.80113e-06, 0.00280342, 0.0585199
0.007, 6.60455e-06, 0.00388807, 0.0679347
0.008, 1.04926e-05, 0.0051361, 0.0772554
0.009, 1.56287e-05, 0.00654306, 0.086483
0.01, 2.21718e-05, 0.00810465, 0.0956183
0.011, 3.02764e-05, 0.00981675, 0.104662
0.012, 4.00932e-05, 0.0116754, 0.113616
0.013, 5.17686e-05, 0.0136768, 0.12248
0.014, 6.54454e-05, 0.0158172, 0.131256
0.015, 8.12625e-05, 0.018093, 0.139944
0.016, 9.93556e-05, 0.020501, 0.148545
0.017, 0.000119857, 0.0230376, 0.157061
0.018, 0.000142894, 0.0256999, 0.165492
0.019, 0.000168594, 0.0284846, 0.173838
0.02, 0.000197079, 0.0313888, 0.182101
0.021, 0.000228467, 0.0344096, 0.190282
0.022, 0.000262877, 0.0375442, 0.198382
0.023, 0.000300421, 0.04079, 0.206401
0.024, 0.000341211, 0.0441443, 0.21434
0.025, 0.000385355, 0.0476046, 0.2222
0.026, 0.00043296, 0.0511685, 0.229981
0.027, 0.000484128, 0.0548336, 0.237686
0.028, 0.000538962, 0.0585976, 0.245314
0.029, 0.00059756, 0.0624583, 0.252866
0.03, 0.000660018, 0.0664135, 0.260344
0.031, 0.000726431, 0.0704612, 0.267747
0.032, 0.000796893, 0.0745993, 0.275077
0.033, 0.000871492, 0.0788258, 0.282334
0.034, 0.000950318, 0.0831389, 0.289519
0.035, 0.00103346, 0.0875367, 0.296633
0.036, 0.00112099, 0.0920174, 0.303677
0.037, 0.00121301, 0.0965792, 0.310652
0.038, 0.00130959, 0.101221, 0.317557
0.039, 0.00141081, 0.10594, 0.324395
0.04, 0.00151675, 0.110735, 0.331165
0.041, 0.00162748, 0.115605, 0.337869
0.042, 0.00174309, 0.120548, 0.344506
0.043, 0.00186364, 0.125562, 0.351079
0.044, 0.0019892, 0.130647, 0.357586
0.045, 0.00211985, 0.1358, 0.36403
0.046, 0.00225565, 0.141021, 0.370411
0.047, 0.00239667, 0.146308, 0.37673
0.048, 0.00254298, 0.15166, 0.382986
0.049, 0.00269464, 0.157075, 0.389182
0.05, 0.00285171, 0.162553, 0.395317
0.051, 0.00301426, 0.168092, 0.401393
0.052, 0.00318236, 0.17369, 0.407409
0.053, 0.00335605, 0.179347, 0.413366
0.054, 0.00353539, 0.185062, 0.419266
0.055, 0.00372046, 0.190834, 0.425109
0.056, 0.00391129, 0.196661, 0.430895
0.057, 0.00410795, 0.202542, 0.436625
0.058, 0.00431049, 0.208477, 0.4423
0.059, 0.00451897, 0.214465, 0.44792
0.06, 0.00473343, 0.220504, 0.453486
0.061, 0.00495394, 0.226593, 0.458999
0.062, 0.00518053, 0.232732, 0.464458
0.063, 0.00541326, 0.23892, 0.469866
0.064, 0.00565218, 0.245156, 0.475221
0.065, 0.00589734, 0.251438, 0.480525
0.066, 0.00614878, 0.257767, 0.485779
0.067, 0.00640655, 0.264142, 0.490983
0.068, 0.00667069, 0.27056, 0.496137
0.069, 0.00694125, 0.277023, 0.501242
0.07, 0.00721827, 0.283528, 0.506299
0.071, 0.0075018, 0.290076, 0.511308
0.072, 0.00779187, 0.296665, 0.51627
0.073, 0.00808854, 0.303295, 0.521186
0.074, 0.00839183, 0.309965, 0.526055
0.075, 0.0087018, 0.316674, 0.530878
0.076, 0.00901847, 0.323423, 0.535656
0.077, 0.0093419, 0.330209, 0.54039
0.078, 0.00967211, 0.337032, 0.545079
0.079, 0.0100091, 0.343892, 0.549725
0.08, 0.010353, 0.350789, 0.554328
0.081, 0.0107038, 0.35772, 0.558888
0.082, 0.0110615, 0.364687, 0.563407
0.083, 0.0114262, 0.371688, 0.567883
0.084, 0.0117979, 0.378723, 0.572319
0.085, 0.0121766, 0.385791, 0.576713
0.086, 0.0125624, 0.392892, 0.581068
0.087, 0.0129553, 0.400024, 0.585383
0.088, 0.0133553, 0.407189, 0.589659
0.089, 0.0137625, 0.414384, 0.593896
0.09, 0.0141769, 0.42161, 0.598094
0.091, 0.0145985, 0.428866, 0.602255
0.092, 0.0150274, 0.436151, 0.606379
0.093, 0.0154635, 0.443466, 0.610465
0.094, 0.015907, 0.450809, 0.614515
0.095, 0.0163578, 0.45818, 0.618529
0.096, 0.016816, 0.465578, 0.622507
0.097, 0.0172816, 0.473004, 0.62645
0.098, 0.0177546, 0.480457, 0.630359
0.099, 0.018235, 0.487936, 0.634233
0.1, 0.018723, 0.495441, 0.638073
0.101, 0.0192184, 0.502971, 0.641879
0.102, 0.0197214, 0.510527, 0.645653
0.103, 0.0202319, 0.518107, 0.649393
0.104, 0.02075, 0.525711, 0.653102
0.105, 0.0212757, 0.533339, 0.656778
0.106, 0.0218091, 0.540991, 0.660423
0.107, 0.0223501, 0.548666, 0.664037
0.108, 0.0228987, 0.556364, 0.66762
0.109, 0.0234551, 0.564084, 0.671173
0.11, 0.0240192, 0.571826, 0.674696
0.111, 0.024591, 0.57959, 0.678189
0.112, 0.0251706, 0.587375, 0.681653
0.113, 0.025758, 0.595181, 0.685088
0.114, 0.0263531, 0.603007, 0.688495
0.115, 0.0269562, 0.610855, 0.691873
0.116, 0.027567, 0.618722, 0.695224
0.117, 0.0281857, 0.626608, 0.698548
0.118, 0.0288123, 0.634515, 0.701844
0.119, 0.0294469, 0.64244, 0.705114
0.12, 0.0300893, 0.650384, 0.708357
0.121, 0.0307397, 0.658346, 0.711574
0.122, 0.031398, 0.666327, 0.714766
0.123, 0.0320643, 0.674326, 0.717932
0.124, 0.0327387, 0.682342, 0.721074
0.125, 0.033421, 0.690375, 0.72419
0.126, 0.0341114, 0.698426, 0.727283
0.127, 0.0348098, 0.706493, 0.730351
0.128, 0.0355163, 0.714577, 0.733395
0.129, 0.0362309, 0.722677, 0.736417
0.13, 0.0369536, 0.730794, 0.739415
0.131, 0.0376844, 0.738925, 0.74239
0.132, 0.0384233, 0.747073, 0.745343
0.133, 0.0391704, 0.755236, 0.748274
0.134, 0.0399256, 0.763413, 0.751183
0.135, 0.040689, 0.771606, 0.75407
0.136, 0.0414606, 0.779813, 0.756937
0.137, 0.0422404, 0.788034, 0.759782
0.138, 0.0430285, 0.79627, 0.762606
0.139, 0.0438247, 0.804519, 0.765411
0.14, 0.0446292, 0.812782, 0.768195
0.141, 0.045442, 0.821058, 0.770959
0.142, 0.0462631, 0.829348, 0.773704
0.143, 0.0470924, 0.83765, 0.776429
0.144, 0.0479301, 0.845965, 0.779136
0.145, 0.0487761, 0.854293, 0.781824
0.146, 0.0496303, 0.862634, 0.784494
0.147, 0.050493, 0.870986, 0.787145
0.148, 0.051364, 0.879351, 0.789778
0.149, 0.0522433, 0.887727, 0.792394
0.15, 0.053131, 0.896115, 0.794993
0.151, 0.0540272, 0.904514, 0.797574
0.152, 0.0549317, 0.912924, 0.800139
0.153, 0.0558446, 0.921346, 0.802687
0.154, 0.0567659, 0.929778, 0.805218
0.155, 0.0576957, 0.938221, 0.807734
0.156, 0.0586339, 0.946675, 0.810233
0.157, 0.0595806, 0.955138, 0.812717
0.158, 0.0605358, 0.963613, 0.815186
0.159, 0.0614994, 0.972097, 0.817639
0.16, 0.0624715, 0.98059, 0.820078
0.161, 0.0634521, 0.989094, 0.822502
0.162, 0.0644411, 0.997607, 0.824911
0.163, 0.0654388, 1.00613, 0.827307
0.164, 0.0664449, 1.01466, 0.829688
0.165, 0.0674595, 1.0232, 0.832056
0.166, 0.0684827, 1.03175, 0.83441
0.167, 0.0695145, 1.04031, 0.83675
0.168, 0.0705548, 1.04888, 0.839078
0.169, 0.0716037, 1.05745, 0.841393
0.17, 0.0726611, 1.06603, 0.843695
0.171, 0.0737272, 1.07463, 0.845985
0.172, 0.0748018, 1.08323, 0.848262
0.173, 0.075885, 1.09183, 0.850527
0.174, 0.0769769, 1.10045, 0.852781
0.175, 0.0780773, 1.10907, 0.855023
0.176, 0.0791864, 1.1177, 0.857253
0.177, 0.0803041, 1.12634, 0.859473
0.178, 0.0814304, 1.13499, 0.861681
0.179, 0.0825654, 1.14364, 0.863879
0.18, 0.083709, 1.1523, 0.866065
0.181, 0.0848613, 1.16096, 0.868242
0.182, 0.0860223, 1.16963, 0.870408
0.183, 0.0871919, 1.17831, 0.872564
0.184, 0.0883702, 1.187, 0.874711
0.185, 0.0895572, 1.19569, 0.876847
0.186, 0.0907529, 1.20439, 0.878974
0.187, 0.0919573, 1.21309, 0.881092
0.188, 0.0931704, 1.2218, 0.883201
0.189, 0.0943922, 1.23052, 0.8853
0.19, 0.0956227, 1.23924, 0.887391
0.191, 0.096862, 1.24797, 0.889474
0.192, 0.09811, 1.2567, 0.891547
0.193, 0.0993667, 1.26544, 0.893613
0.194, 0.100632, 1.27419, 0.895671
0.195, 0.101906, 1.28294, 0.89772
0.196, 0.103189, 1.29169, 0.899762
0.197, 0.104481, 1.30045, 0.901796
0.198, 0.105781, 1.30921, 0.903823
0.199, 0.107091, 1.31798, 0.905843
0.2, 0.108409, 1.32676, 0.907855
0.201, 0.109735, 1.33554, 0.909861
0.202, 0.111071, 1.34432, 0.91186
0.203, 0.112415, 1.35311, 0.913852
0.204, 0.113768, 1.3619, 0.915837
0.205, 0.11513, 1.3707, 0.917817
0.206, 0.116501, 1.3795, 0.91979
0.207, 0.11788, 1.3883, 0.921757
0.208, 0.119269, 1.39711, 0.923718
0.209, 0.120666, 1.40592, 0.925674
0.21, 0.122072, 1.41474, 0.927624
0.211, 0.123486, 1.42356, 0.929568
0.212, 0.12491, 1.43238, 0.931507
0.213, 0.126342, 1.44121, 0.933441
0.214, 0.127784, 1.45004, 0.93537
0.215, 0.129234, 1.45888, 0.937294
0.216, 0.130693, 1.46772, 0.939214
0.217, 0.13216, 1.47656, 0.941129
0.218, 0.133637, 1.4854, 0.943039
0.219, 0.135122, 1.49425, 0.944945
0.22, 0.136616, 1.5031, 0.946847
0.221, 0.13812, 1.51195, 0.948744
0.222, 0.139632, 1.52081, 0.950638
0.223, 0.141152, 1.52967, 0.952528
0.224, 0.142682, 1.53853, 0.954414
0.225, 0.144221, 1.5474, 0.956297
0.226, 0.145768, 1.55627, 0.958176
0.227, 0.147324, 1.56514, 0.960052
0.228, 0.148889, 1.57401, 0.961925
0.229, 0.150463, 1.58288, 0.963794
0.23, 0.152046, 1.59176, 0.965661
0.231, 0.153638, 1.60064, 0.967525
0.232, 0.155239, 1.60952, 0.969386
0.233, 0.156848, 1.61841, 0.971245
0.234, 0.158467, 1.62729, 0.973101
0.235, 0.160094, 1.63618, 0.974954
0.236, 0.16173, 1.64507, 0.976806
0.237, 0.163375, 1.65396, 0.978655
0.238, 0.165029, 1.66286, 0.980502
0.239, 0.166692, 1.67175, 0.982347
0.24, 0.168364, 1.68065, 0.984191
0.241, 0.170044, 1.68955, 0.986033
0.242, 0.171734, 1.69845, 0.987873
0.243, 0.173432, 1.70736, 0.989711
0.244, 0.17514, 1.71626, 0.991549
0.245, 0.176856, 1.72517, 0.993384
0.246, 0.178581, 1.73407, 0.995219
0.247, 0.180315, 1.74298, 0.997053
0.248, 0.182058, 1.75189, 0.998885
0.249, 0.18381, 1.7608, 1.00072
0.25, 0.185571, 1.76971, 1.00255
0.251, 0.187341, 1.77863, 1.00438
0.252, 0.189119, 1.78754, 1.00621
0.253, 0.190907, 1.79646, 1.00804
0.254, 0.192703, 1.80537, 1.00987
0.255, 0.194509, 1.81429, 1.01169
0.256, 0.196323, 1.82321, 1.01352
0.257, 0.198146, 1.83213, 1.01535
0.258, 0.199978, 1.84105, 1.01718
0.259, 0.201819, 1.84997, 1.01901
0.26, 0.203669, 1.85889, 1.02083
0.261, 0.205528, 1.86782, 1.02266
0.262, 0.207396, 1.87674, 1.02449
0.263, 0.209273, 1.88566, 1.02632
0.264, 0.211158, 1.89459, 1.02815
0.265, 0.213053, 1.90351, 1.02998
0.266, 0.214956, 1.91244, 1.03181
0.267, 0.216869, 1.92136, 1.03364
0.268, 0.21879, 1.93029, 1.03547
0.269, 0.220721, 1.93921, 1.03731
0.27, 0.22266, 1.94814, 1.03914
0.271, 0.224608, 1.95707, 1.04098
0.272, 0.226565, 1.966, 1.04281
0.273, 0.228531, 1.97492, 1.04465
0.274, 0.230506, 1.98385, 1.04649
0.275, 0.23249, 1.99278, 1.04833
0.276, 0.234483, 2.00171, 1.05017
0.277, 0.236484, 2.01064, 1.05201
0.278, 0.238495, 2.01956, 1.05386
0.279, 0.240514, 2.02849, 1.05571
0.28, 0.242543, 2.03742, 1.05755
0.281, 0.24458, 2.04635, 1.0594
0.282, 0.246627, 2.05528, 1.06126
0.283, 0.248682, 2.0642, 1.06311
0.284, 0.250746, 2.07313, 1.06496
0.285, 0.252819, 2.08206, 1.06682
0.286, 0.254901, 2.09099, 1.06868
0.287, 0.256992, 2.09991, 1.07054
0.288, 0.259092, 2.10884, 1.07241
0.289, 0.261201, 2.11777, 1.07428
0.29, 0.263319, 2.12669, 1.07615
0.291, 0.265446, 2.13562, 1.07802
0.292, 0.267581, 2.14454, 1.07989
0.293, 0.269726, 2.15347, 1.08177
0.294, 0.271879, 2.16239, 1.08365
0.295, 0.274042, 2.17132, 1.08553
0.296, 0.276213, 2.18024, 1.08742
0.297, 0.278393, 2.18916, 1.0893
0.298, 0.280582, 2.19808, 1.09119
0.299, 0.28278, 2.207, 1.09309
0.3, 0.284987, 2.21593, 1.09498
0.301, 0.287203, 2.22485, 1.09688
0.302, 0.289428, 2.23377, 1.09879
0.303, 0.291662, 2.24268, 1.10069
0.304, 0.293905, 2.2516, 1.1026
0.305, 0.296156, 2.26052, 1.10452
0.306, 0.298417, 2.26944, 1.10643
0.307, 0.300686, 2.27835, 1.10835
0.308, 0.302964, 2.28727, 1.11028
0.309, 0.305252, 2.29618, 1.1122
0.31, 0.307548, 2.3051, 1.11413
0.311, 0.309853, 2.31401, 1.11607
0.312, 0.312167, 2.32292, 1.11801
0.313, 0.31449, 2.33183, 1.11995
0.314, 0.316822, 2.34074, 1.12189
0.315, 0.319163, 2.34965, 1.12384
0.316, 0.321512, 2.35856, 1.1258
0.317, 0.323871, 2.36746, 1.12775
0.318, 0.326238, 2.37637, 1.12971
0.319, 0.328615, 2.38527, 1.13168
0.32, 0.331, 2.39418, 1.13365
0.321, 0.333394, 2.40308, 1.13562
0.322, 0.335797, 2.41198, 1.1376
0.323, 0.338209, 2.42088, 1.13958
0.324, 0.34063, 2.42978, 1.14157
0.325, 0.34306, 2.43868, 1.14356
0.326, 0.345498, 2.44758, 1.14555
0.327, 0.347946, 2.45647, 1.14755
0.328, 0.350402, 2.46537, 1.14956
0.329, 0.352868, 2.47426, 1.15157
0.33, 0.355342, 2.48315, 1.15358
0.331, 0.357825, 2.49204, 1.1556
0.332, 0.360317, 2.50093, 1.15762
0.333, 0.362818, 2.50982, 1.15965
0.334, 0.365328, 2.51871, 1.16168
0.335, 0.367847, 2.52759, 1.16371
0.336, 0.370374, 2.53648, 1.16575
0.337, 0.372911, 2.54536, 1.1678
0.338, 0.375456, 2.55424, 1.16985
0.339, 0.37801, 2.56312, 1.17191
0.34, 0.380574, 2.572, 1.17397
0.341, 0.383146, 2.58088, 1.17604
0.342, 0.385726, 2.58976, 1.17811
0.343, 0.388316, 2.59863, 1.18018
0.344, 0.390915, 2.60751, 1.18226
0.345, 0.393522, 2.61638, 1.18435
0.346, 0.396139, 2.62525, 1.18644
0.347, 0.398764, 2.63412, 1.18854
0.348, 0.401398, 2.64299, 1.19064
0.349, 0.404041, 2.65185, 1.19275
0.35, 0.406693, 2.66072, 1.19486
0.351, 0.409354, 2.66958, 1.19698
0.352, 0.412023, 2.67844, 1.1991
0.353, 0.414702, 2.6873, 1.20123
0.354, 0.417389, 2.69616, 1.20337
0.355, 0.420085, 2.70502, 1.20551
0.356, 0.42279, 2.71387, 1.20765
0.357, 0.425504, 2.72273, 1.20981
0.358, 0.428227, 2.73158, 1.21196
0.359, 0.430958, 2.74043, 1.21412
0.36, 0.433699, 2.74928, 1.21629
0.361, 0.436448, 2.75813, 1.21847
0.362, 0.439206, 2.76697, 1.22065
0.363, 0.441973, 2.77582, 1.22283
0.364, 0.444749, 2.78466, 1.22502
0.365, 0.447534, 2.7935, 1.22722
0.366, 0.450327, 2.80234, 1.22942
0.367, 0.453129, 2.81118, 1.23163
0.368, 0.455941, 2.82002, 1.23385
0.369, 0.458761, 2.82885, 1.23607
0.37, 0.46159, 2.83768, 1.2383
0.371, 0.464427, 2.84651, 1.24053
0.372, 0.467274, 2.85534, 1.24277
0.373, 0.470129, 2.86417, 1.24501
0.374, 0.472993, 2.873, 1.24726
0.375, 0.475866, 2.88182, 1.24952
0.376, 0.478748, 2.89065, 1.25179
0.377, 0.481639, 2.89947, 1.25405
0.378, 0.484538, 2.90829, 1.25633
0.379, 0.487446, 2.91711, 1.25861
0.38, 0.490364, 2.92592, 1.2609
0.381, 0.493289, 2.93474, 1.2632
0.382, 0.496224, 2.94355, 1.2655
0.383, 0.499168, 2.95236, 1.2678
0.384, 0.50212, 2.96117, 1.27012
0.385, 0.505081, 2.96998, 1.27244
0.386, 0.508051, 2.97878, 1.27476
0.387, 0.51103, 2.98759, 1.2771
0.388, 0.514018, 2.99639, 1.27944
0.389, 0.517014, 3.00519, 1.28178
0.39, 0.520019, 3.01399, 1.28413
0.391, 0.523033, 3.02278, 1.28649
0.392, 0.526056, 3.03158, 1.28886
0.393, 0.529088, 3.04037, 1.29123
0.394, 0.532128, 3.04916, 1.29361
0.395, 0.535177, 3.05795, 1.29599
0.396, 0.538235, 3.06674, 1.29839
0.397, 0.541302, 3.07553, 1.30078
0.398, 0.544377, 3.08431, 1.30319
0.399, 0.547462, 3.09309, 1.3056
0.4, 0.550555, 3.10188, 1.30802
0.401, 0.553657, 3.11066, 1.31045
0.402, 0.556767, 3.11943, 1.31288
0.403, 0.559887, 3.12821, 1.31532
0.404, 0.563015, 3.13698, 1.31776
0.405, 0.566152, 3.14575, 1.32021
0.406, 0.569298, 3.15452, 1.32267
0.407, 0.572452, 3.16329, 1.32514
0.408, 0.575615, 3.17206, 1.32761
0.409, 0.578788, 3.18082, 1.33009
0.41, 0.581968, 3.18959, 1.33258
0.411, 0.585158, 3.19835, 1.33507
0.412, 0.588356, 3.20711, 1.33758
0.413, 0.591563, 3.21586, 1.34008
0.414, 0.594779, 3.22462, 1.3426
0.415, 0.598004, 3.23337, 1.34512
0.416, 0.601237, 3.24213, 1.34765
0.417, 0.604479, 3.25088, 1.35018
0.418, 0.60773, 3.25963, 1.35273
0.419, 0.61099, 3.26837, 1.35528
0.42, 0.614258, 3.27712, 1.35783
0.421, 0.617535, 3.28586, 1.3604
0.422, 0.620821, 3.2946, 1.36297
0.423, 0.624116, 3.30334, 1.36555
0.424, 0.627419, 3.31208, 1.36813
0.425, 0.630731, 3.32081, 1.37073
0.426, 0.634052, 3.32955, 1.37333
0.427, 0.637382, 3.33828, 1.37593
0.428, 0.64072, 3.34701, 1.37855
0.429, 0.644067, 3.35574, 1.38117
0.43, 0.647423, 3.36447, 1.3838
0.431, 0.650787, 3.37319, 1.38644
0.432, 0.65416, 3.38192, 1.38908
0.433, 0.657542, 3.39064, 1.39173
0.434, 0.660933, 3.39936, 1.39439
0.435, 0.664332, 3.40807, 1.39705
0.436, 0.66774, 3.41679, 1.39973
0.437, 0.671157, 3.42551, 1.40241
0.438, 0.674583, 3.43422, 1.40509
0.439, 0.678017, 3.44293, 1.40779
0.44, 0.68146, 3.45164, 1.41049
0.441, 0.684911, 3.46034, 1.4132
0.442, 0.688372, 3.46905, 1.41592
0.443, 0.691841, 3.47775, 1.41864
0.444, 0.695318, 3.48646, 1.42137
0.445, 0.698805, 3.49516, 1.42411
0.446, 0.7023, 3.50385, 1.42686
0.447, 0.705804, 3.51255, 1.42962
0.448, 0.709317, 3.52125, 1.43238
0.449, 0.712838, 3.52994, 1.43515
0.45, 0.716368, 3.53863, 1.43792
0.451, 0.719906, 3.54732, 1.44071
0.452, 0.723454, 3.55601, 1.4435
0.453, 0.72701, 3.56469, 1.4463
0.454, 0.730574, 3.57338, 1.44911
0.455, 0.734148, 3.58206, 1.45192
0.456, 0.73773, 3.59074, 1.45474
0.457, 0.741321, 3.59942, 1.45757
0.458, 0.74492, 3.6081, 1.46041
0.459, 0.748528, 3.61677, 1.46326
0.46, 0.752145, 3.62545, 1.46611
0.461, 0.75577, 3.63412, 1.46897
0.462, 0.759404, 3.64279, 1.47184
0.463, 0.763047, 3.65146, 1.47471
0.464, 0.766699, 3.66013, 1.4776
0.465, 0.770359, 3.66879, 1.48049
0.466, 0.774028, 3.67745, 1.48339
0.467, 0.777705, 3.68612, 1.48629
0.468, 0.781391, 3.69478, 1.48921
0.469, 0.785086, 3.70344, 1.49213
0.47, 0.788789, 3.71209, 1.49506
0.471, 0.792501, 3.72075, 1.498
0.472, 0.796222, 3.7294, 1.50094
0.473, 0.799952, 3.73805, 1.50389
0.474, 0.80369, 3.7467, 1.50685
0.475, 0.807436, 3.75535, 1.50982
0.476, 0.811192, 3.764, 1.5128
0.477, 0.814956, 3.77264, 1.51578
0.478, 0.818728, 3.78129, 1.51877
0.479, 0.82251, 3.78993, 1.52177
0.48, 0.8263, 3.79857, 1.52478
0.481, 0.830098, 3.80721, 1.5278
0.482, 0.833905, 3.81584, 1.53082
0.483, 0.837721, 3.82448, 1.53385
0.484, 0.841546, 3.83311, 1.53689
0.485, 0.845379, 3.84174, 1.53993
0.486, 0.84922, 3.85037, 1.54299
0.487, 0.853071, 3.859, 1.54605
0.488, 0.85693, 3.86763, 1.54912
0.489, 0.860797, 3.87626, 1.5522
0.49, 0.864674, 3.88488, 1.55529
0.491, 0.868559, 3.8935, 1.55838
0.492, 0.872452, 3.90212, 1.56148
0.493, 0.876354, 3.91074, 1.56459
0.494, 0.880265, 3.91936, 1.56771
0.495, 0.884184, 3.92797, 1.57083
0.496, 0.888112, 3.93659, 1.57397
0.497, 0.892049, 3.9452, 1.57711
0.498, 0.895994, 3.95381, 1.58026
0.499, 0.899948, 3.96242, 1.58342
0.5, 0.90391, 3.97103, 1.58658
0.501, 0.907881, 3.97964, 1.58975
0.502, 0.911861, 3.98824, 1.59294
0.503, 0.915849, 3.99684, 1.59613
0.504, 0.919846, 4.00545, 1.59932
0.505, 0.923852, 4.01405, 1.60253
0.506, 0.927866, 4.02265, 1.60574
0.507, 0.931888, 4.03124, 1.60896
0.508, 0.935919, 4.03984, 1.61219
0.509, 0.939959, 4.04843, 1.61543
0.51, 0.944008, 4.05703, 1.61867
0.511, 0.948065, 4.06562, 1.62193
0.512, 0.95213, 4.07421, 1.62519
0.513, 0.956205, 4.0828, 1.62846
0.514, 0.960287, 4.09138, 1.63174
0.515, 0.964379, 4.09997, 1.63502
0.516, 0.968479, 4.10855, 1.63831
0.517, 0.972587, 4.11713, 1.64162
0.518, 0.976704, 4.12571, 1.64493
0.519, 0.98083, 4.13429, 1.64824
0.52, 0.984964, 4.14287, 1.65157
0.521, 0.989107, 4.15145, 1.6549
0.522, 0.993259, 4.16002, 1.65825
0.523, 0.997419, 4.1686, 1.6616
0.524, 1.00159, 4.17717, 1.66495
0.525, 1.00576, 4.18574, 1.66832
0.526, 1.00995, 4.19431, 1.67169
0.527, 1.01414, 4.20288, 1.67508
0.528, 1.01835, 4.21144, 1.67847
0.529, 1.02256, 4.22001, 1.68187
0.53, 1.02678, 4.22857, 1.68527
0.531, 1.03101, 4.23714, 1.68869
0.532, 1.03524, 4.2457, 1.69211
0.533, 1.03949, 4.25426, 1.69554
0.534, 1.04374, 4.26281, 1.69898
0.535, 1.04801, 4.27137, 1.70243
0.536, 1.05228, 4.27993, 1.70589
0.537, 1.05656, 4.28848, 1.70935
0.538, 1.06085, 4.29703, 1.71282
0.539, 1.06514, 4.30559, 1.7163
0.54, 1.06945, 4.31414, 1.71979
0.541, 1.07376, 4.32268, 1.72329
0.542, 1.07809, 4.33123, 1.72679
0.543, 1.08242, 4.33978, 1.73031
0.544, 1.08676, 4.34832, 1.73383
0.545, 1.09111, 4.35687, 1.73736
0.546, 1.09546, 4.36541, 1.74089
0.547, 1.09983, 4.37395, 1.74444
0.548, 1.1042, 4.38249, 1.74799
0.549, 1.10858, 4.39103, 1.75155
0.55, 1.11298, 4.39956, 1.75513
0.551, 1.11738, 4.4081, 1.7587
0.552, 1.12178, 4.41663, 1.76229
0.553, 1.1262, 4.42517, 1.76589
0.554, 1.13063, 4.4337, 1.76949
0.555, 1.13506, 4.44223, 1.7731
0.556, 1.1395, 4.45076, 1.77672
0.557, 1.14395, 4.45929, 1.78035
0.558, 1.14841, 4.46782, 1.78398
0.559, 1.15288, 4.47634, 1.78763
0.56, 1.15736, 4.48487, 1.79128
0.561, 1.16184, 4.49339, 1.79494
0.562, 1.16633, 4.50191, 1.79861
0.563, 1.17084, 4.51043, 1.80229
0.564, 1.17535, 4.51895, 1.80597
0.565, 1.17986, 4.52747, 1.80967
0.566, 1.18439, 4.53599, 1.81337
0.567, 1.18893, 4.54451, 1.81708
0.568, 1.19347, 4.55302, 1.8208
0.569, 1.19803, 4.56153, 1.82452
0.57, 1.20259, 4.57005, 1.82826
0.571, 1.20716, 4.57856, 1.832
0.572, 1.21174, 4.58707, 1.83575
0.573, 1.21632, 4.59558, 1.83951
0.574, 1.22092, 4.60409, 1.84328
0.575, 1.22552, 4.61259, 1.84706
0.576, 1.23014, 4.6211, 1.85084
0.577, 1.23476, 4.6296, 1.85464
0.578, 1.23939, 4.63811, 1.85844
0.579, 1.24402, 4.64661, 1.86225
0.58, 1.24867, 4.65511, 1.86606
0.581, 1.25333, 4.66361, 1.86989
0.582, 1.25799, 4.67211, 1.87372
0.583, 1.26266, 4.68061, 1.87757
0.584, 1.26734, 4.68911, 1.88142
0.585, 1.27203, 4.6976, 1.88528
0.586, 1.27673, 4.7061, 1.88914
0.587, 1.28143, 4.71459, 1.89302
0.588, 1.28615, 4.72309, 1.8969
0.589, 1.29087, 4.73158, 1.9008
0.59, 1.2956, 4.74007, 1.9047
0.591, 1.30034, 4.74856, 1.90861
0.592, 1.30509, 4.75705, 1.91252
0.593, 1.30985, 4.76553, 1.91645
0.594, 1.31462, 4.77402, 1.92038
0.595, 1.31939, 4.78251, 1.92433
0.596, 1.32417, 4.79099, 1.92828
0.597, 1.32896, 4.79948, 1.93224
0.598, 1.33376, 4.80796, 1.9362
0.599, 1.33857, 4.81644, 1.94018
0.6, 1.34339, 4.82492, 1.94416
0.601, 1.34821, 4.8334, 1.94816
0.602, 1.35305, 4.84188, 1.95216
0.603, 1.35789, 4.85036, 1.95616
0.604, 1.36274, 4.85883, 1.96018
0.605, 1.3676, 4.86731, 1.96421
0.606, 1.37246, 4.87578, 1.96824
0.607, 1.37734, 4.88426, 1.97228
0.608, 1.38222, 4.89273, 1.97633
0.609, 1.38712, 4.9012, 1.98039
0.61, 1.39202, 4.90968, 1.98446
0.611, 1.39693, 4.91815, 1.98854
0.612, 1.40185, 4.92662, 1.99262
0.613, 1.40677, 4.93508, 1.99671
0.614, 1.41171, 4.94355, 2.00081
0.615, 1.41665, 4.95202, 2.00492
0.616, 1.4216, 4.96048, 2.00904
0.617, 1.42656, 4.96895, 2.01316
0.618, 1.43153, 4.97741, 2.0173
0.619, 1.43651, 4.98588, 2.02144
0.62, 1.4415, 4.99434, 2.02559
0.621, 1.44649, 5.0028, 2.02975
0.622, 1.45149, 5.01126, 2.03392
0.623, 1.4565, 5.01972, 2.03809
0.624, 1.46152, 5.02818, 2.04228
0.625, 1.46655, 5.03664, 2.04647
0.626, 1.47159, 5.04509, 2.05067
0.627, 1.47663, 5.05355, 2.05488
0.628, 1.48169, 5.06201, 2.0591
0.629, 1.48675, 5.07046, 2.06332
0.63, 1.49182, 5.07892, 2.06756
0.631, 1.4969, 5.08737, 2.0718
0.632, 1.50199, 5.09582, 2.07605
0.633, 1.50708, 5.10427, 2.08031
0.634, 1.51219, 5.11272, 2.08458
0.635, 1.5173, 5.12117, 2.08885
0.636, 1.52242, 5.12962, 2.09314
0.637, 1.52755, 5.13807, 2.09743
0.638, 1.53269, 5.14652, 2.10173
0.639, 1.53783, 5.15497, 2.10604
0.64, 1.54299, 5.16341, 2.11036
0.641, 1.54815, 5.17186, 2.11469
0.642, 1.55332, 5.1803, 2.11902
0.643, 1.5585, 5.18875, 2.12336
0.644, 1.56369, 5.19719, 2.12772
0.645, 1.56889, 5.20563, 2.13208
0.646, 1.5741, 5.21407, 2.13644
0.647, 1.57931, 5.22252, 2.14082
0.648, 1.58453, 5.23096, 2.14521
0.649, 1.58976, 5.2394, 2.1496
0.65, 1.595, 5.24784, 2.154
0.651, 1.60025, 5.25627, 2.15841
0.652, 1.60551, 5.26471, 2.16283
0.653, 1.61077, 5.27315, 2.16726
0.654, 1.61604, 5.28158, 2.17169
0.655, 1.62133, 5.29002, 2.17613
0.656, 1.62662, 5.29845, 2.18059
0.657, 1.63191, 5.30689, 2.18505
0.658, 1.63722, 5.31532, 2.18951
0.659, 1.64254, 5.32376, 2.19399
0.66, 1.64786, 5.33219, 2.19848
0.661, 1.65319, 5.34062, 2.20297
0.662, 1.65853, 5.34905, 2.20747
0.663, 1.66388, 5.35748, 2.21198
0.664, 1.66924, 5.36591, 2.2165
0.665, 1.67461, 5.37434, 2.22103
0.666, 1.67998, 5.38277, 2.22557
0.667, 1.68536, 5.3912, 2.23011
0.668, 1.69075, 5.39962, 2.23466
0.669, 1.69615, 5.40805, 2.23922
0.67, 1.70156, 5.41648, 2.24379
0.671, 1.70698, 5.4249, 2.24837
0.672, 1.7124, 5.43333, 2.25296
0.673, 1.71784, 5.44175, 2.25755
0.674, 1.72328, 5.45018, 2.26215
0.675, 1.72873, 5.4586, 2.26677
0.676, 1.73419, 5.46702, 2.27138
0.677, 1.73965, 5.47544, 2.27601
0.678, 1.74513, 5.48387, 2.28065
0.679, 1.75061, 5.49229, 2.28529
0.68, 1.75611, 5.50071, 2.28995
0.681, 1.76161, 5.50913, 2.29461
0.682, 1.76712, 5.51755, 2.29928
0.683, 1.77263, 5.52597, 2.30396
0.684, 1.77816, 5.53438, 2.30864
0.685, 1.78369, 5.5428, 2.31334
0.686, 1.78924, 5.55122, 2.31804
0.687, 1.79479, 5.55964, 2.32275
0.688, 1.80035, 5.56805, 2.32748
0.689, 1.80592, 5.57647, 2.3322
0.69, 1.81149, 5.58488, 2.33694
0.691, 1.81708, 5.5933, 2.34169
0.692, 1.82267, 5.60171, 2.34644
0.693, 1.82827, 5.61013, 2.3512
0.694, 1.83388, 5.61854, 2.35597
0.695, 1.8395, 5.62695, 2.36075
0.696, 1.84513, 5.63537, 2.36554
0.697, 1.85076, 5.64378, 2.37034
0.698, 1.85641, 5.65219, 2.37514
0.699, 1.86206, 5.6606, 2.37995
0.7, 1.86772, 5.66901, 2.38477
0.701, 1.87339, 5.67742, 2.3896
0.702, 1.87907, 5.68583, 2.39444
0.703, 1.88475, 5.69424, 2.39929
0.704, 1.89045, 5.70265, 2.40414
0.705, 1.89615, 5.71106, 2.40901
0.706, 1.90186, 5.71947, 2.41388
0.707, 1.90758, 5.72788, 2.41876
0.708, 1.91331, 5.73628, 2.42364
0.709, 1.91904, 5.74469, 2.42854
0.71, 1.92479, 5.7531, 2.43345
0.711, 1.93054, 5.7615, 2.43836
0.712, 1.9363, 5.76991, 2.44328
0.713, 1.94207, 5.77831, 2.44821
0.714, 1.94785, 5.78672, 2.45315
0.715, 1.95364, 5.79512, 2.4581
0.716, 1.95943, 5.80353, 2.46305
0.717, 1.96524, 5.81193, 2.46802
0.718, 1.97105, 5.82033, 2.47299
0.719, 1.97687, 5.82874, 2.47797
0.72, 1.9827, 5.83714, 2.48296
0.721, 1.98853, 5.84554, 2.48796
0.722, 1.99438, 5.85395, 2.49296
0.723, 2.00023, 5.86235, 2.49798
0.724, 2.0061, 5.87075, 2.503
0.725, 2.01197, 5.87915, 2.50803
0.726, 2.01785, 5.88755, 2.51307
0.727, 2.02373, 5.89595, 2.51812
0.728, 2.02963, 5.90435, 2.52317
0.729, 2.03553, 5.91275, 2.52824
0.73, 2.04145, 5.92115, 2.53331
0.731, 2.04737, 5.92955, 2.53839
0.732, 2.0533, 5.93795, 2.54348
0.733, 2.05924, 5.94635, 2.54858
0.734, 2.06518, 5.95475, 2.55369
0.735, 2.07114, 5.96314, 2.5588
0.736, 2.0771, 5.97154, 2.56392
0.737, 2.08307, 5.97994, 2.56906
0.738, 2.08905, 5.98834, 2.5742
0.739, 2.09504, 5.99673, 2.57934
0.74, 2.10104, 6.00513, 2.5845
0.741, 2.10704, 6.01353, 2.58967
0.742, 2.11305, 6.02192, 2.59484
0.743, 2.11908, 6.03032, 2.60002
0.744, 2.12511, 6.03871, 2.60521
0.745, 2.13115, 6.04711, 2.61041
0.746, 2.13719, 6.0555, 2.61562
0.747, 2.14325, 6.0639, 2.62084
0.748, 2.14931, 6.07229, 2.62606
0.749, 2.15538, 6.08069, 2.63129
0.75, 2.16147, 6.08908, 2.63653
0.751, 2.16755, 6.09748, 2.64178
0.752, 2.17365, 6.10587, 2.64704
0.753, 2.17976, 6.11426, 2.65231
0.754, 2.18587, 6.12266, 2.65758
0.755, 2.19199, 6.13105, 2.66286
0.756, 2.19813, 6.13944, 2.66815
0.757, 2.20426, 6.14783, 2.67345
0.758, 2.21041, 6.15623, 2.67876
0.759, 2.21657, 6.16462, 2.68408
0.76, 2.22273, 6.17301, 2.6894
0.761, 2.22891, 6.1814, 2.69474
0.762, 2.23509, 6.18979, 2.70008
0.763, 2.24128, 6.19819, 2.70543
0.764, 2.24748, 6.20658, 2.71079
0.765, 2.25368, 6.21497, 2.71615
0.766, 2.2599, 6.22336, 2.72153
0.767, 2.26612, 6.23175, 2.72691
0.768, 2.27235, 6.24014, 2.73231
0.769, 2.27859, 6.24853, 2.73771
0.77, 2.28484, 6.25692, 2.74311
0.771, 2.2911, 6.26531, 2.74853
0.772, 2.29736, 6.2737, 2.75396
0.773, 2.30364, 6.28209, 2.75939
0.774, 2.30992, 6.29048, 2.76483
0.775, 2.31621, 6.29887, 2.77029
0.776, 2.32251, 6.30726, 2.77574
0.777, 2.32882, 6.31565, 2.78121
0.778, 2.33513, 6.32404, 2.78669
0.779, 2.34146, 6.33243, 2.79217
0.78, 2.34779, 6.34082, 2.79767
0.781, 2.35413, 6.34921, 2.80317
0.782, 2.36048, 6.3576, 2.80868
0.783, 2.36684, 6.36599, 2.81419
0.784, 2.3732, 6.37437, 2.81972
0.785, 2.37958, 6.38276, 2.82526
0.786, 2.38596, 6.39115, 2.8308
0.787, 2.39235, 6.39954, 2.83635
0.788, 2.39875, 6.40793, 2.84191
0.789, 2.40516, 6.41632, 2.84748
0.79, 2.41157, 6.4247, 2.85306
0.791, 2.418, 6.43309, 2.85864
0.792, 2.42443, 6.44148, 2.86423
0.793, 2.43087, 6.44987, 2.86984
0.794, 2.43732, 6.45825, 2.87545
0.795, 2.44378, 6.46664, 2.88107
0.796, 2.45025, 6.47503, 2.88669
0.797, 2.45672, 6.48342, 2.89233
0.798, 2.46321, 6.49181, 2.89797
0.799, 2.4697, 6.50019, 2.90362
0.8, 2.4762, 6.50858, 2.90929
0.801, 2.48271, 6.51697, 2.91495
0.802, 2.48922, 6.52536, 2.92063
0.803, 2.49575, 6.53374, 2.92632
0.804, 2.50228, 6.54213, 2.93201
0.805, 2.50883, 6.55052, 2.93771
0.806, 2.51538, 6.5589, 2.94343
0.807, 2.52193, 6.56729, 2.94915
0.808, 2.5285, 6.57568, 2.95487
0.809, 2.53508, 6.58407, 2.96061
0.81, 2.54166, 6.59245, 2.96635
0.811, 2.54825, 6.60084, 2.97211
0.812, 2.55485, 6.60923, 2.97787
0.813, 2.56146, 6.61761, 2.98364
0.814, 2.56808, 6.626, 2.98942
0.815, 2.57471, 6.63439, 2.9952
0.816, 2.58134, 6.64277, 3.001
0.817, 2.58798, 6.65116, 3.0068
0.818, 2.59464, 6.65955, 3.01261
0.819, 2.6013, 6.66794, 3.01843
0.82, 2.60796, 6.67632, 3.02426
0.821, 2.61464, 6.68471, 3.0301
0.822, 2.62132, 6.6931, 3.03594
0.823, 2.62802, 6.70148, 3.0418
0.824, 2.63472, 6.70987, 3.04766
0.825, 2.64143, 6.71826, 3.05353
0.826, 2.64815, 6.72665, 3.05941
0.827, 2.65487, 6.73503, 3.0653
0.828, 2.66161, 6.74342, 3.07119
0.829, 2.66835, 6.75181, 3.0771
0.83, 2.6751, 6.7602, 3.08301
0.831, 2.68186, 6.76858, 3.08893
0.832, 2.68863, 6.77697, 3.09486
0.833, 2.69541, 6.78536, 3.1008
0.834, 2.7022, 6.79375, 3.10674
0.835, 2.70899, 6.80213, 3.1127
0.836, 2.71579, 6.81052, 3.11866
0.837, 2.7226, 6.81891, 3.12463
0.838, 2.72942, 6.8273, 3.13061
0.839, 2.73625, 6.83568, 3.1366
0.84, 2.74308, 6.84407, 3.1426
0.841, 2.74993, 6.85246, 3.1486
0.842, 2.75678, 6.86085, 3.15462
0.843, 2.76364, 6.86924, 3.16064
0.844, 2.77051, 6.87762, 3.16667
0.845, 2.77739, 6.88601, 3.17271
0.846, 2.78427, 6.8944, 3.17875
0.847, 2.79117, 6.90279, 3.18481
0.848, 2.79807, 6.91118, 3.19087
0.849, 2.80498, 6.91957, 3.19694
0.85, 2.8119, 6.92796, 3.20302
0.851, 2.81883, 6.93634, 3.20911
0.852, 2.82577, 6.94473, 3.21521
0.853, 2.83271, 6.95312, 3.22132
0.854, 2.83966, 6.96151, 3.22743
0.855, 2.84663, 6.9699, 3.23355
0.856, 2.8536, 6.97829, 3.23968
0.857, 2.86057, 6.98668, 3.24582
0.858, 2.86756, 6.99507, 3.25197
0.859, 2.87456, 7.00346, 3.25812
0.86, 2.88156, 7.01185, 3.26429
0.861, 2.88857, 7.02024, 3.27046
0.862, 2.89559, 7.02863, 3.27664
0.863, 2.90262, 7.03702, 3.28283
0.864, 2.90966, 7.04541, 3.28903
0.865, 2.9167, 7.0538, 3.29524
0.866, 2.92376, 7.06219, 3.30145
0.867, 2.93082, 7.07058, 3.30767
0.868, 2.93789, 7.07897, 3.31391
0.869, 2.94497, 7.08736, 3.32015
0.87, 2.95205, 7.09575, 3.32639
0.871, 2.95915, 7.10415, 3.33265
0.872, 2.96625, 7.11254, 3.33892
0.873, 2.97337, 7.12093, 3.34519
0.874, 2.98049, 7.12932, 3.35147
0.875, 2.98762, 7.13771, 3.35776
0.876, 2.99476, 7.1461, 3.36406
0.877, 3.0019, 7.1545, 3.37037
0.878, 3.00906, 7.16289, 3.37668
0.879, 3.01622, 7.17128, 3.38301
0.88, 3.02339, 7.17967, 3.38934
0.881, 3.03057, 7.18807, 3.39568
0.882, 3.03776, 7.19646, 3.40203
0.883, 3.04495, 7.20485, 3.40838
0.884, 3.05216, 7.21325, 3.41475
0.885, 3.05937, 7.22164, 3.42112
0.886, 3.06659, 7.23004, 3.42751
0.887, 3.07382, 7.23843, 3.4339
0.888, 3.08106, 7.24682, 3.4403
0.889, 3.08831, 7.25522, 3.4467
0.89, 3.09556, 7.26361, 3.45312
0.891, 3.10283, 7.27201, 3.45954
0.892, 3.1101, 7.2804, 3.46598
0.893, 3.11738, 7.2888, 3.47242
0.894, 3.12467, 7.29719, 3.47887
0.895, 3.13197, 7.30559, 3.48533
0.896, 3.13927, 7.31398, 3.49179
0.897, 3.14659, 7.32238, 3.49827
0.898, 3.15391, 7.33078, 3.50475
0.899, 3.16124, 7.33917, 3.51124
0.9, 3.16858, 7.34757, 3.51774
0.901, 3.17593, 7.35596, 3.52425
0.902, 3.18328, 7.36436, 3.53077
0.903, 3.19065, 7.37276, 3.53729
0.904, 3.19802, 7.38116, 3.54383
0.905, 3.2054, 7.38955, 3.55037
0.906, 3.21279, 7.39795, 3.55692
0.907, 3.22019, 7.40635, 3.56348
0.908, 3.22759, 7.41475, 3.57004
0.909, 3.23501, 7.42315, 3.57662
0.91, 3.24243, 7.43155, 3.5832
0.911, 3.24986, 7.43994, 3.5898
0.912, 3.2573, 7.44834, 3.5964
0.913, 3.26475, 7.45674, 3.60301
0.914, 3.27221, 7.46514, 3.60962
0.915, 3.27967, 7.47354, 3.61625
0.916, 3.28715, 7.48194, 3.62288
0.917, 3.29463, 7.49034, 3.62953
0.918, 3.30212, 7.49874, 3.63618
0.919, 3.30962, 7.50714, 3.64284
0.92, 3.31713, 7.51555, 3.6495
0.921, 3.32464, 7.52395, 3.65618
0.922, 3.33216, 7.53235, 3.66286
0.923, 3.3397, 7.54075, 3.66956
0.924, 3.34724, 7.54915, 3.67626
0.925, 3.35479, 7.55756, 3.68297
0.926, 3.36234, 7.56596, 3.68969
0.927, 3.36991, 7.57436, 3.69641
0.928, 3.37748, 7.58276, 3.70315
0.929, 3.38507, 7.59117, 3.70989
0.93, 3.39266, 7.59957, 3.71664
0.931, 3.40026, 7.60798, 3.7234
0.932, 3.40787, 7.61638, 3.73017
0.933, 3.41548, 7.62478, 3.73695
0.934, 3.42311, 7.63319, 3.74373
0.935, 3.43074, 7.64159, 3.75053
0.936, 3.43838, 7.65, 3.75733
0.937, 3.44603, 7.6584, 3.76414
0.938, 3.45369, 7.66681, 3.77096
0.939, 3.46136, 7.67522, 3.77779
0.94, 3.46903, 7.68362, 3.78462
0.941, 3.47672, 7.69203, 3.79147
0.942, 3.48441, 7.70044, 3.79832
0.943, 3.49211, 7.70884, 3.80518
0.944, 3.49982, 7.71725, 3.81205
0.945, 3.50754, 7.72566, 3.81893
0.946, 3.51526, 7.73407, 3.82581
0.947, 3.52299, 7.74248, 3.83271
0.948, 3.53074, 7.75089, 3.83961
0.949, 3.53849, 7.75929, 3.84652
0.95, 3.54625, 7.7677, 3.85344
0.951, 3.55402, 7.77611, 3.86037
0.952, 3.56179, 7.78452, 3.86731
0.953, 3.56958, 7.79293, 3.87425
0.954, 3.57737, 7.80134, 3.8812
0.955, 3.58517, 7.80976, 3.88817
0.956, 3.59298, 7.81817, 3.89514
0.957, 3.6008, 7.82658, 3.90211
0.958, 3.60862, 7.83499, 3.9091
0.959, 3.61646, 7.8434, 3.9161
0.96, 3.6243, 7.85181, 3.9231
0.961, 3.63215, 7.86023, 3.93011
0.962, 3.64001, 7.86864, 3.93713
0.963, 3.64788, 7.87705, 3.94416
0.964, 3.65576, 7.88547, 3.9512
0.965, 3.66365, 7.89388, 3.95824
0.966, 3.67154, 7.9023, 3.9653
0.967, 3.67944, 7.91071, 3.97236
0.968, 3.68735, 7.91913, 3.97943
0.969, 3.69527, 7.92754, 3.98651
0.97, 3.7032, 7.93596, 3.9936
0.971, 3.71114, 7.94437, 4.00069
0.972, 3.71908, 7.95279, 4.0078
0.973, 3.72703, 7.96121, 4.01491
0.974, 3.73499, 7.96962, 4.02203
0.975, 3.74296, 7.97804, 4.02916
0.976, 3.75094, 7.98646, 4.0363
0.977, 3.75893, 7.99488, 4.04345
0.978, 3.76692, 8.00329, 4.0506
0.979, 3.77493, 8.01171, 4.05777
0.98, 3.78294, 8.02013, 4.06494
0.981, 3.79096, 8.02855, 4.07212
0.982, 3.79899, 8.03697, 4.07931
0.983, 3.80702, 8.04539, 4.0865
0.984, 3.81507, 8.05381, 4.09371
0.985, 3.82312, 8.06223, 4.10092
0.986, 3.83119, 8.07065, 4.10814
0.987, 3.83926, 8.07907, 4.11537
0.988, 3.84733, 8.0875, 4.12261
0.989, 3.85542, 8.09592, 4.12986
0.99, 3.86352, 8.10434, 4.13711
0.991, 3.87162, 8.11276, 4.14438
0.992, 3.87974, 8.12119, 4.15165
0.993, 3.88786, 8.12961, 4.15893
0.994, 3.89599, 8.13803, 4.16622
0.995, 3.90412, 8.14646, 4.17352
0.996, 3.91227, 8.15488, 4.18083
0.997, 3.92043, 8.16331, 4.18814
0.998, 3.92859, 8.17173, 4.19546
0.999, 3.93676, 8.18016, 4.20279
1, 3.94494, 8.18858, 4.21013
1.001, 3.95313, 8.19701, 4.21748
1.002, 3.96133, 8.20544, 4.22484
1.003, 3.96953, 8.21387, 4.2322
1.004, 3.97775, 8.22229, 4.23958
1.005, 3.98597, 8.23072, 4.24696
1.006, 3.9942, 8.23915, 4.25435
1.007, 4.00244, 8.24758, 4.26175
1.008, 4.01069, 8.25601, 4.26915
1.009, 4.01894, 8.26444, 4.27657
1.01, 4.02721, 8.27287, 4.28399
1.011, 4.03548, 8.2813, 4.29142
1.012, 4.04376, 8.28973, 4.29887
1.013, 4.05205, 8.29816, 4.30631
1.014, 4.06035, 8.30659, 4.31377
1.015, 4.06865, 8.31502, 4.32124
1.016, 4.07697, 8.32345, 4.32871
1.017, 4.08529, 8.33189, 4.33619
1.018, 4.09362, 8.34032, 4.34368
1.019, 4.10197, 8.34875, 4.35118
1.02, 4.11031, 8.35718, 4.35869
1.021, 4.11867, 8.36562, 4.36621
1.022, 4.12704, 8.37405, 4.37373
1.023, 4.13541, 8.38249, 4.38127
1.024, 4.14379, 8.39092, 4.38881
1.025, 4.15218, 8.39936, 4.39636
1.026, 4.16058, 8.4078, 4.40392
1.027, 4.16899, 8.41623, 4.41148
1.028, 4.17741, 8.42467, 4.41906
1.029, 4.18583, 8.43311, 4.42664
1.03, 4.19427, 8.44154, 4.43423
1.031, 4.20271, 8.44998, 4.44183
1.032, 4.21116, 8.45842, 4.44944
1.033, 4.21962, 8.46686, 4.45706
1.034, 4.22808, 8.4753, 4.46468
1.035, 4.23656, 8.48374, 4.47232
1.036, 4.24504, 8.49218, 4.47996
1.037, 4.25353, 8.50062, 4.48761
1.038, 4.26203, 8.50906, 4.49527
1.039, 4.27054, 8.5175, 4.50294
1.04, 4.27906, 8.52594, 4.51061
1.041, 4.28759, 8.53438, 4.5183
1.042, 4.29612, 8.54283, 4.52599
1.043, 4.30466, 8.55127, 4.53369
1.044, 4.31321, 8.55971, 4.5414
1.045, 4.32177, 8.56815, 4.54912
1.046, 4.33034, 8.5766, 4.55685
1.047, 4.33892, 8.58504, 4.56458
1.048, 4.3475, 8.59349, 4.57233
1.049, 4.3561, 8.60193, 4.58008
1.05, 4.3647, 8.61038, 4.58784
1.051, 4.37331, 8.61883, 4.59561
1.052, 4.38193, 8.62727, 4.60338
1.053, 4.39056, 8.63572, 4.61117
1.054, 4.39919, 8.64417, 4.61896
1.055, 4.40784, 8.65261, 4.62677
1.056, 4.41649, 8.66106, 4.63458
1.057, 4.42515, 8.66951, 4.64239
1.058, 4.43382, 8.67796, 4.65022
1.059, 4.4425, 8.68641, 4.65806
1.06, 4.45118, 8.69486, 4.6659
1.061, 4.45988, 8.70331, 4.67376
1.062, 4.46858, 8.71176, 4.68162
1.063, 4.47729, 8.72021, 4.68949
1.064, 4.48601, 8.72866, 4.69736
1.065, 4.49474, 8.73712, 4.70525
1.066, 4.50348, 8.74557, 4.71315
1.067, 4.51223, 8.75402, 4.72105
1.068, 4.52098, 8.76247, 4.72896
1.069, 4.52974, 8.77093, 4.73688
1.07, 4.53851, 8.77938, 4.74481
1.071, 4.54729, 8.78784, 4.75275
1.072, 4.55608, 8.79629, 4.76069
1.073, 4.56488, 8.80475, 4.76865
1.074, 4.57368, 8.8132, 4.77661
1.075, 4.58249, 8.82166, 4.78458
1.076, 4.59132, 8.83012, 4.79256
1.077, 4.60015, 8.83857, 4.80055
1.078, 4.60898, 8.84703, 4.80854
1.079, 4.61783, 8.85549, 4.81655
1.08, 4.62669, 8.86395, 4.82456
1.081, 4.63555, 8.87241, 4.83258
1.082, 4.64442, 8.88087, 4.84061
1.083, 4.6533, 8.88933, 4.84865
1.084, 4.66219, 8.89779, 4.85669
1.085, 4.67109, 8.90625, 4.86475
1.086, 4.68, 8.91471, 4.87281
1.087, 4.68891, 8.92317, 4.88089
1.088, 4.69784, 8.93163, 4.88897
1.089, 4.70677, 8.9401, 4.89705
1.09, 4.71571, 8.94856, 4.90515
1.091, 4.72466, 8.95702, 4.91326
1.092, 4.73361, 8.96549, 4.92137
1.093, 4.74258, 8.97395, 4.92949
1.094, 4.75155, 8.98242, 4.93762
1.095, 4.76053, 8.99088, 4.94576
1.096, 4.76953, 8.99935, 4.95391
1.097, 4.77852, 9.00781, 4.96207
1.098, 4.78753, 9.01628, 4.97023
1.099, 4.79655, 9.02475, 4.9784
1.1, 4.80557, 9.03321, 4.98659
1.101, 4.81461, 9.04168, 4.99478
1.102, 4.82365, 9.05015, 5.00297
1.103, 4.8327, 9.05862, 5.01118
1.104, 4.84176, 9.06709, 5.0194
1.105, 4.85082, 9.07556, 5.02762
1.106, 4.8599, 9.08403, 5.03585
1.107, 4.86898, 9.0925, 5.04409
1.108, 4.87808, 9.10097, 5.05234
1.109, 4.88718, 9.10944, 5.0606
1.11, 4.89629, 9.11791, 5.06886
1.111, 4.9054, 9.12639, 5.07714
1.112, 4.91453, 9.13486, 5.08542
1.113, 4.92367, 9.14333, 5.09371
1.114, 4.93281, 9.15181, 5.10201
1.115, 4.94196, 9.16028, 5.11032
1.116, 4.95112, 9.16876, 5.11864
1.117, 4.96029, 9.17723, 5.12696
1.118, 4.96947, 9.18571, 5.13529
1.119, 4.97865, 9.19418, 5.14364
1.12, 4.98785, 9.20266, 5.15199
1.121, 4.99705, 9.21114, 5.16035
1.122, 5.00626, 9.21961, 5.16871
1.123, 5.01548, 9.22809, 5.17709
1.124, 5.02471, 9.23657, 5.18547
1.125, 5.03395, 9.24505, 5.19386
1.126, 5.04319, 9.25353, 5.20226
1.127, 5.05244, 9.26201, 5.21067
1.128, 5.06171, 9.27049, 5.21909
1.129, 5.07098, 9.27897, 5.22752
1.13, 5.08026, 9.28745, 5.23595
1.131, 5.08954, 9.29593, 5.2444
1.132, 5.09884, 9.30442, 5.25285
1.133, 5.10814, 9.3129, 5.26131
1.134, 5.11746, 9.32138, 5.26978
1.135, 5.12678, 9.32987, 5.27825
1.136, 5.13611, 9.33835, 5.28674
1.137, 5.14545, 9.34683, 5.29523
1.138, 5.15479, 9.35532, 5.30373
1.139, 5.16415, 9.3638, 5.31224
1.14, 5.17351, 9.37229, 5.32076
1.141, 5.18288, 9.38078, 5.32929
1.142, 5.19226, 9.38926, 5.33783
1.143, 5.20165, 9.39775, 5.34637
1.144, 5.21105, 9.40624, 5.35492
1.145, 5.22046, 9.41473, 5.36348
1.146, 5.22987, 9.42322, 5.37205
1.147, 5.2393, 9.43171, 5.38063
1.148, 5.24873, 9.4402, 5.38922
1.149, 5.25817, 9.44869, 5.39781
1.15, 5.26762, 9.45718, 5.40642
1.151, 5.27707, 9.46567, 5.41503
1.152, 5.28654, 9.47416, 5.42365
1.153, 5.29601, 9.48265, 5.43228
1.154, 5.3055, 9.49115, 5.44092
1.155, 5.31499, 9.49964, 5.44956
1.156, 5.32449, 9.50813, 5.45822
1.157, 5.334, 9.51663, 5.46688
1.158, 5.34351, 9.52512, 5.47555
1.159, 5.35304, 9.53362, 5.48423
1.16, 5.36257, 9.54211, 5.49292
1.161, 5.37211, 9.55061, 5.50161
1.162, 5.38166, 9.5591, 5.51032
1.163, 5.39122, 9.5676, 5.51903
1.164, 5.40079, 9.5761, 5.52775
1.165, 5.41037, 9.5846, 5.53649
1.166, 5.41995, 9.5931, 5.54522
1.167, 5.42954, 9.60159, 5.55397
1.168, 5.43915, 9.61009, 5.56273
1.169, 5.44876, 9.61859, 5.57149
1.17, 5.45837, 9.62709, 5.58026
1.171, 5.468, 9.63559, 5.58905
1.172, 5.47764, 9.6441, 5.59783
1.173, 5.48728, 9.6526, 5.60663
1.174, 5.49693, 9.6611, 5.61544
1.175, 5.50659, 9.6696, 5.62425
1.176, 5.51626, 9.67811, 5.63308
1.177, 5.52594, 9.68661, 5.64191
1.178, 5.53563, 9.69511, 5.65075
1.179, 5.54532, 9.70362, 5.6596
1.18, 5.55503, 9.71212, 5.66846
1.181, 5.56474, 9.72063, 5.67732
1.182, 5.57446, 9.72914, 5.6862
1.183, 5.58419, 9.73764, 5.69508
1.184, 5.59393, 9.74615, 5.70397
1.185, 5.60367, 9.75466, 5.71287
1.186, 5.61343, 9.76317, 5.72178
1.187, 5.62319, 9.77168, 5.73069
1.188, 5.63296, 9.78018, 5.73962
1.189, 5.64274, 9.78869, 5.74855
1.19, 5.65253, 9.7972, 5.75749
1.191, 5.66233, 9.80571, 5.76644
1.192, 5.67213, 9.81423, 5.7754
1.193, 5.68195, 9.82274, 5.78437
1.194, 5.69177, 9.83125, 5.79335
1.195, 5.7016, 9.83976, 5.80233
1.196, 5.71144, 9.84828, 5.81132
1.197, 5.72129, 9.85679, 5.82032
1.198, 5.73115, 9.8653, 5.82933
1.199, 5.74101, 9.87382, 5.83835
1.2, 5.75089, 9.88233, 5.84738
1.201, 5.76077, 9.89085, 5.85641
1.202, 5.77066, 9.89936, 5.86546
1.203, 5.78056, 9.90788, 5.87451
1.204, 5.79047, 9.9164, 5.88357
1.205, 5.80038, 9.92492, 5.89264
1.206, 5.81031, 9.93343, 5.90172
1.207, 5.82024, 9.94195, 5.9108
1.208, 5.83018, 9.95047, 5.9199
1.209, 5.84013, 9.95899, 5.929
1.21, 5.85009, 9.96751, 5.93811
1.211, 5.86006, 9.97603, 5.94723
1.212, 5.87004, 9.98455, 5.95636
1.213, 5.88002, 9.99307, 5.9655
1.214, 5.89001, 10.0016, 5.97464
1.215, 5.90002, 10.0101, 5.98379
1.216, 5.91003, 10.0186, 5.99296
1.217, 5.92004, 10.0272, 6.00213
1.218, 5.93007, 10.0357, 6.01131
1.219, 5.94011, 10.0442, 6.02049
1.22, 5.95015, 10.0527, 6.02969
1.221, 5.9602, 10.0613, 6.0389
1.222, 5.97027, 10.0698, 6.04811
1.223, 5.98034, 10.0783, 6.05733
1.224, 5.99041, 10.0868, 6.06656
1.225, 6.0005, 10.0954, 6.0758
1.226, 6.0106, 10.1039, 6.08505
1.227, 6.0207, 10.1124, 6.0943
1.228, 6.03081, 10.121, 6.10356
1.229, 6.04093, 10.1295, 6.11284
1.23, 6.05106, 10.138, 6.12212
1.231, 6.0612, 10.1465, 6.13141
1.232, 6.07135, 10.1551, 6.14071
1.233, 6.0815, 10.1636, 6.15001
1.234, 6.09167, 10.1721, 6.15933
1.235, 6.10184, 10.1807, 6.16865
1.236, 6.11202, 10.1892, 6.17798
1.237, 6.12221, 10.1977, 6.18732
1.238, 6.13241, 10.2063, 6.19667
1.239, 6.14261, 10.2148, 6.20603
1.24, 6.15283, 10.2233, 6.21539
1.241, 6.16305, 10.2319, 6.22477
1.242, 6.17328, 10.2404, 6.23415
1.243, 6.18352, 10.249, 6.24354
1.244, 6.19377, 10.2575, 6.25294
1.245, 6.20403, 10.266, 6.26235
1.246, 6.2143, 10.2746, 6.27177
1.247, 6.22457, 10.2831, 6.28119
1.248, 6.23485, 10.2916, 6.29063
1.249, 6.24514, 10.3002, 6.30007
1.25, 6.25544, 10.3087, 6.30952
1.251, 6.26575, 10.3173, 6.31898
1.252, 6.27607, 10.3258, 6.32845
1.253, 6.2864, 10.3343, 6.33792
1.254, 6.29673, 10.3429, 6.34741
1.255, 6.30707, 10.3514, 6.3569
1.256, 6.31743, 10.36, 6.3664
1.257, 6.32779, 10.3685, 6.37591
1.258, 6.33815, 10.3771, 6.38543
1.259, 6.34853, 10.3856, 6.39496
1.26, 6.35892, 10.3941, 6.40449
1.261, 6.36931, 10.4027, 6.41404
1.262, 6.37971, 10.4112, 6.42359
1.263, 6.39012, 10.4198, 6.43315
1.264, 6.40054, 10.4283, 6.44272
1.265, 6.41097, 10.4369, 6.4523
1.266, 6.42141, 10.4454, 6.46189
1.267, 6.43185, 10.454, 6.47148
1.268, 6.44231, 10.4625, 6.48109
1.269, 6.45277, 10.4711, 6.4907
1.27, 6.46324, 10.4796, 6.50032
1.271, 6.47372, 10.4882, 6.50995
1.272, 6.48421, 10.4967, 6.51959
1.273, 6.49471, 10.5053, 6.52923
1.274, 6.50521, 10.5138, 6.53889
1.275, 6.51573, 10.5224, 6.54855
1.276, 6.52625, 10.5309, 6.55822
1.277, 6.53678, 10.5395, 6.5679
1.278, 6.54732, 10.548, 6.57759
1.279, 6.55787, 10.5566, 6.58729
1.28, 6.56842, 10.5652, 6.59699
1.281, 6.57899, 10.5737, 6.60671
1.282, 6.58956, 10.5823, 6.61643
1.283, 6.60014, 10.5908, 6.62616
1.284, 6.61074, 10.5994, 6.6359
1.285, 6.62133, 10.6079, 6.64565
1.286, 6.63194, 10.6165, 6.65541
1.287, 6.64256, 10.6251, 6.66517
1.288, 6.65318, 10.6336, 6.67495
1.289, 6.66382, 10.6422, 6.68473
1.29, 6.67446, 10.6507, 6.69452
1.291, 6.68511, 10.6593, 6.70432
1.292, 6.69577, 10.6679, 6.71413
1.293, 6.70644, 10.6764, 6.72394
1.294, 6.71711, 10.685, 6.73377
1.295, 6.7278, 10.6935, 6.7436
1.296, 6.73849, 10.7021, 6.75344
1.297, 6.74919, 10.7107, 6.76329
1.298, 6.75991, 10.7192, 6.77315
1.299, 6.77062, 10.7278, 6.78302
1.3, 6.78135, 10.7364, 6.7929
1.301, 6.79209, 10.7449, 6.80278
1.302, 6.80283, 10.7535, 6.81268
1.303, 6.81359, 10.7621, 6.82258
1.304, 6.82435, 10.7706, 6.83249
1.305, 6.83512, 10.7792, 6.84241
1.306, 6.8459, 10.7878, 6.85233
1.307, 6.85669, 10.7963, 6.86227
1.308, 6.86748, 10.8049, 6.87221
1.309, 6.87829, 10.8135, 6.88217
1.31, 6.8891, 10.822, 6.89213
1.311, 6.89992, 10.8306, 6.9021
1.312, 6.91075, 10.8392, 6.91207
1.313, 6.92159, 10.8478, 6.92206
1.314, 6.93244, 10.8563, 6.93206
1.315, 6.9433, 10.8649, 6.94206
1.316, 6.95416, 10.8735, 6.95207
1.317, 6.96504, 10.882, 6.96209
1.318, 6.97592, 10.8906, 6.97212
1.319, 6.98681, 10.8992, 6.98216
1.32, 6.99771, 10.9078, 6.99221
1.321, 7.00862, 10.9163, 7.00226
1.322, 7.01953, 10.9249, 7.01233
1.323, 7.03046, 10.9335, 7.0224
1.324, 7.04139, 10.9421, 7.03248
1.325, 7.05233, 10.9507, 7.04257
1.326, 7.06328, 10.9592, 7.05267
1.327, 7.07424, 10.9678, 7.06277
1.328, 7.08521, 10.9764, 7.07289
1.329, 7.09619, 10.985, 7.08301
1.33, 7.10717, 10.9936, 7.09314
1.331, 7.11817, 11.0021, 7.10328
1.332, 7.12917, 11.0107, 7.11343
1.333, 7.14018, 11.0193, 7.12359
1.334, 7.1512, 11.0279, 7.13375
1.335, 7.16223, 11.0365, 7.14393
1.336, 7.17326, 11.045, 7.15411
1.337, 7.18431, 11.0536, 7.1643
1.338, 7.19536, 11.0622, 7.1745
1.339, 7.20642, 11.0708, 7.18471
1.34, 7.21749, 11.0794, 7.19493
1.341, 7.22857, 11.088, 7.20515
1.342, 7.23966, 11.0966, 7.21539
1.343, 7.25076, 11.1051, 7.22563
1.344, 7.26186, 11.1137, 7.23588
1.345, 7.27298, 11.1223, 7.24614
1.346, 7.2841, 11.1309, 7.25641
1.347, 7.29523, 11.1395, 7.26669
1.348, 7.30637, 11.1481, 7.27697
1.349, 7.31752, 11.1567, 7.28727
1.35, 7.32867, 11.1653, 7.29757
1.351, 7.33984, 11.1739, 7.30788
1.352, 7.35101, 11.1824, 7.3182
1.353, 7.3622, 11.191, 7.32853
1.354, 7.37339, 11.1996, 7.33886
1.355, 7.38459, 11.2082, 7.34921
1.356, 7.39579, 11.2168, 7.35956
1.357, 7.40701, 11.2254, 7.36993
1.358, 7.41824, 11.234, 7.3803
1.359, 7.42947, 11.2426, 7.39068
1.36, 7.44071, 11.2512, 7.40106
1.361, 7.45196, 11.2598, 7.41146
1.362, 7.46322, 11.2684, 7.42187
1.363, 7.47449, 11.277, 7.43228
1.364, 7.48577, 11.2856, 7.4427
1.365, 7.49705, 11.2942, 7.45313
1.366, 7.50835, 11.3028, 7.46357
1.367, 7.51965, 11.3114, 7.47402
1.368, 7.53096, 11.32, 7.48448
1.369, 7.54228, 11.3286, 7.49494
1.37, 7.55361, 11.3372, 7.50541
1.371, 7.56495, 11.3458, 7.5159
1.372, 7.57629, 11.3544, 7.52639
1.373, 7.58765, 11.363, 7.53689
1.374, 7.59901, 11.3716, 7.54739
1.375, 7.61038, 11.3802, 7.55791
1.376, 7.62176, 11.3888, 7.56843
1.377, 7.63315, 11.3974, 7.57897
1.378, 7.64455, 11.406, 7.58951
1.379, 7.65596, 11.4146, 7.60006
1.38, 7.66737, 11.4232, 7.61062
1.381, 7.67879, 11.4318, 7.62119
1.382, 7.69023, 11.4404, 7.63176
1.383, 7.70167, 11.449, 7.64235
1.384, 7.71312, 11.4576, 7.65294
1.385, 7.72457, 11.4662, 7.66354
1.386, 7.73604, 11.4749, 7.67415
1.387, 7.74751, 11.4835, 7.68477
1.388, 7.759, 11.4921, 7.6954
1.389, 7.77049, 11.5007, 7.70603
1.39, 7.78199, 11.5093, 7.71668
1.391, 7.7935, 11.5179, 7.72733
1.392, 7.80502, 11.5265, 7.73799
1.393, 7.81654, 11.5351, 7.74866
1.394, 7.82808, 11.5437, 7.75934
1.395, 7.83962, 11.5524, 7.77003
1.396, 7.85118, 11.561, 7.78073
1.397, 7.86274, 11.5696, 7.79143
1.398, 7.87431, 11.5782, 7.80214
1.399, 7.88588, 11.5868, 7.81286
1.4, 7.89747, 11.5954, 7.8236
1.401, 7.90907, 11.604, 7.83433
1.402, 7.92067, 11.6127, 7.84508
1.403, 7.93228, 11.6213, 7.85584
1.404, 7.9439, 11.6299, 7.8666
1.405, 7.95553, 11.6385, 7.87737
1.406, 7.96717, 11.6471, 7.88816
1.407, 7.97882, 11.6558, 7.89895
1.408, 7.99048, 11.6644, 7.90975
1.409, 8.00214, 11.673, 7.92055
1.41, 8.01381, 11.6816, 7.93137
1.411, 8.02549, 11.6902, 7.94219
1.412, 8.03718, 11.6989, 7.95303
1.413, 8.04888, 11.7075, 7.96387
1.414, 8.06059, 11.7161, 7.97472
1.415, 8.07231, 11.7247, 7.98558
1.416, 8.08403, 11.7333, 7.99644
1.417, 8.09577, 11.742, 8.00732
1.418, 8.10751, 11.7506, 8.0182
1.419, 8.11926, 11.7592, 8.0291
1.42, 8.13102, 11.7678, 8.04
1.421, 8.14278, 11.7765, 8.05091
1.422, 8.15456, 11.7851, 8.06183
1.423, 8.16635, 11.7937, 8.07275
1.424, 8.17814, 11.8024, 8.08369
1.425, 8.18994, 11.811, 8.09464
1.426, 8.20175, 11.8196, 8.10559
1.427, 8.21357, 11.8282, 8.11655
1.428, 8.2254, 11.8369, 8.12752
1.429, 8.23724, 11.8455, 8.1385
1.43, 8.24908, 11.8541, 8.14949
1.431, 8.26094, 11.8628, 8.16048
1.432, 8.2728, 11.8714, 8.17149
1.433, 8.28467, 11.88, 8.1825
1.434, 8.29655, 11.8887, 8.19352
1.435, 8.30844, 11.8973, 8.20455
1.436, 8.32034, 11.9059, 8.21559
1.437, 8.33224, 11.9146, 8.22664
1.438, 8.34416, 11.9232, 8.23769
1.439, 8.35608, 11.9318, 8.24876
1.44, 8.36801, 11.9405, 8.25983
1.441, 8.37995, 11.9491, 8.27091
1.442, 8.3919, 11.9577, 8.282
1.443, 8.40386, 11.9664, 8.2931
1.444, 8.41583, 11.975, 8.30421
1.445, 8.4278, 11.9836, 8.31533
1.446, 8.43979, 11.9923, 8.32645
1.447, 8.45178, 12.0009, 8.33759
1.448, 8.46378, 12.0096, 8.34873
1.449, 8.47579, 12.0182, 8.35988
1.45, 8.48781, 12.0268, 8.37104
1.451, 8.49983, 12.0355, 8.3822
1.452, 8.51187, 12.0441, 8.39338
1.453, 8.52391, 12.0528, 8.40457
1.454, 8.53597, 12.0614, 8.41576
1.455, 8.54803, 12.0701, 8.42696
1.456, 8.5601, 12.0787, 8.43817
1.457, 8.57218, 12.0873, 8.44939
1.458, 8.58426, 12.096, 8.46062
1.459, 8.59636, 12.1046, 8.47186
1.46, 8.60846, 12.1133, 8.4831
1.461, 8.62058, 12.1219, 8.49435
1.462, 8.6327, 12.1306, 8.50562
1.463, 8.64483, 12.1392, 8.51689
1.464, 8.65697, 12.1479, 8.52817
1.465, 8.66912, 12.1565, 8.53945
1.466, 8.68127, 12.1652, 8.55075
1.467, 8.69344, 12.1738, 8.56206
1.468, 8.70561, 12.1825, 8.57337
1.469, 8.71779, 12.1911, 8.58469
1.47, 8.72999, 12.1998, 8.59602
1.471, 8.74219, 12.2084, 8.60736
1.472, 8.75439, 12.2171, 8.61871
1.473, 8.76661, 12.2257, 8.63007
1.474, 8.77884, 12.2344, 8.64143
1.475, 8.79107, 12.243, 8.65281
1.476, 8.80331, 12.2517, 8.66419
1.477, 8.81557, 12.2603, 8.67558
1.478, 8.82783, 12.269, 8.68698
1.479, 8.8401, 12.2776, 8.69839
1.48, 8.85237, 12.2863, 8.70981
1.481, 8.86466, 12.2949, 8.72123
1.482, 8.87695, 12.3036, 8.73267
1.483, 8.88926, 12.3123, 8.74411
1.484, 8.90157, 12.3209, 8.75556
1.485, 8.91389, 12.3296, 8.76702
1.486, 8.92622, 12.3382, 8.77849
1.487, 8.93856, 12.3469, 8.78997
1.488, 8.95091, 12.3555, 8.80145
1.489, 8.96326, 12.3642, 8.81295
1.49, 8.97563, 12.3729, 8.82445
1.491, 8.988, 12.3815, 8.83596
1.492, 9.00038, 12.3902, 8.84748
1.493, 9.01277, 12.3988, 8.85901
1.494, 9.02517, 12.4075, 8.87055
1.495, 9.03758, 12.4162, 8.8821
1.496, 9.04999, 12.4248, 8.89365
1.497, 9.06242, 12.4335, 8.90521
1.498, 9.07485, 12.4422, 8.91679
1.499, 9.08729, 12.4508, 8.92837
1.5, 9.09974, 12.4595, 8.93996
1.501, 9.1122, 12.4682, 8.95155
1.502, 9.12467, 12.4768, 8.96316
1.503, 9.13715, 12.4855, 8.97478
1.504, 9.14963, 12.4942, 8.9864
1.505, 9.16213, 12.5028, 8.99803
1.506, 9.17463, 12.5115, 9.00967
1.507, 9.18714, 12.5202, 9.02132
1.508, 9.19966, 12.5288, 9.03298
1.509, 9.21219, 12.5375, 9.04465
1.51, 9.22473, 12.5462, 9.05632
1.511, 9.23727, 12.5548, 9.06801
1.512, 9.24983, 12.5635, 9.0797
1.513, 9.26239, 12.5722, 9.0914
1.514, 9.27497, 12.5808, 9.10311
1.515, 9.28755, 12.5895, 9.11483
1.516, 9.30014, 12.5982, 9.12656
1.517, 9.31273, 12.6069, 9.13829
1.518, 9.32534, 12.6155, 9.15004
1.519, 9.33796, 12.6242, 9.16179
1.52, 9.35058, 12.6329, 9.17355
1.521, 9.36321, 12.6416, 9.18532
1.522, 9.37585, 12.6502, 9.1971
1.523, 9.3885, 12.6589, 9.20889
1.524, 9.40116, 12.6676, 9.22068
1.525, 9.41383, 12.6763, 9.23249
1.526, 9.42651, 12.6849, 9.2443
1.527, 9.43919, 12.6936, 9.25612
1.528, 9.45189, 12.7023, 9.26795
1.529, 9.46459, 12.711, 9.27979
1.53, 9.4773, 12.7197, 9.29164
1.531, 9.49002, 12.7283, 9.3035
1.532, 9.50275, 12.737, 9.31536
1.533, 9.51548, 12.7457, 9.32724
1.534, 9.52823, 12.7544, 9.33912
1.535, 9.54098, 12.7631, 9.35101
1.536, 9.55375, 12.7717, 9.36291
1.537, 9.56652, 12.7804, 9.37482
1.538, 9.5793, 12.7891, 9.38674
1.539, 9.59209, 12.7978, 9.39866
1.54, 9.60489, 12.8065, 9.4106
1.541, 9.61769, 12.8152, 9.42254
1.542, 9.63051, 12.8239, 9.43449
1.543, 9.64333, 12.8325, 9.44645
1.544, 9.65616, 12.8412, 9.45842
1.545, 9.66901, 12.8499, 9.4704
1.546, 9.68186, 12.8586, 9.48238
1.547, 9.69471, 12.8673, 9.49438
1.548, 9.70758, 12.876, 9.50638
1.549, 9.72046, 12.8847, 9.51839
1.55, 9.73334, 12.8933, 9.53041
1.551, 9.74624, 12.902, 9.54244
1.552, 9.75914, 12.9107, 9.55448
1.553, 9.77205, 12.9194, 9.56653
1.554, 9.78497, 12.9281, 9.57858
1.555, 9.7979, 12.9368, 9.59065
1.556, 9.81083, 12.9455, 9.60272
1.557, 9.82378, 12.9542, 9.6148
1.558, 9.83673, 12.9629, 9.62689
1.559, 9.8497, 12.9716, 9.63899
1.56, 9.86267, 12.9803, 9.6511
1.561, 9.87565, 12.989, 9.66321
1.562, 9.88864, 12.9977, 9.67534
1.563, 9.90163, 13.0063, 9.68747
1.564, 9.91464, 13.015, 9.69961
1.565, 9.92766, 13.0237, 9.71176
1.566, 9.94068, 13.0324, 9.72392
1.567, 9.95371, 13.0411, 9.73609
1.568, 9.96675, 13.0498, 9.74826
1.569, 9.9798, 13.0585, 9.76045
1.57, 9.99286, 13.0672, 9.77264
1.571, 10.0059, 13.0759, 9.78484
1.572, 10.019, 13.0846, 9.79706
1.573, 10.0321, 13.0933, 9.80927
1.574, 10.0452, 13.102, 9.8215
1.575, 10.0583, 13.1107, 9.83374
1.576, 10.0714, 13.1194, 9.84598
1.577, 10.0845, 13.1281, 9.85824
1.578, 10.0976, 13.1368, 9.8705
1.579, 10.1108, 13.1455, 9.88277
1.58, 10.1239, 13.1542, 9.89505
1.581, 10.1371, 13.1629, 9.90734
1.582, 10.1502, 13.1716, 9.91964
1.583, 10.1634, 13.1803, 9.93195
1.584, 10.1766, 13.1891, 9.94426
1.585, 10.1898, 13.1978, 9.95658
1.586, 10.203, 13.2065, 9.96892
1.587, 10.2162, 13.2152, 9.98126
1.588, 10.2294, 13.2239, 9.99361
1.589, 10.2426, 13.2326, 10.006
1.59, 10.2559, 13.2413, 10.0183
1.591, 10.2691, 13.25, 10.0307
1.592, 10.2824, 13.2587, 10.0431
1.593, 10.2956, 13.2674, 10.0555
1.594, 10.3089, 13.2761, 10.0679
1.595, 10.3222, 13.2848, 10.0803
1.596, 10.3354, 13.2935, 10.0927
1.597, 10.3487, 13.3023, 10.1051
1.598, 10.362, 13.311, 10.1176
1.599, 10.3753, 13.3197, 10.13
1.6, 10.3887, 13.3284, 10.1425
1.601, 10.402, 13.3371, 10.1549
1.602, 10.4153, 13.3458, 10.1674
1.603, 10.4287, 13.3545, 10.1799
1.604, 10.442, 13.3632, 10.1924
1.605, 10.4554, 13.372, 10.2049
1.606, 10.4688, 13.3807, 10.2174
1.607, 10.4821, 13.3894, 10.2299
1.608, 10.4955, 13.3981, 10.2424
1.609, 10.5089, 13.4068, 10.2549
1.61, 10.5223, 13.4155, 10.2675
1.611, 10.5358, 13.4243, 10.28
1.612, 10.5492, 13.433, 10.2926
1.613, 10.5626, 13.4417, 10.3052
1.614, 10.5761, 13.4504, 10.3177
1.615, 10.5895, 13.4591, 10.3303
1.616, 10.603, 13.4679, 10.3429
1.617, 10.6164, 13.4766, 10.3555
1.618, 10.6299, 13.4853, 10.3681
1.619, 10.6434, 13.494, 10.3807
1.62, 10.6569, 13.5027, 10.3934
1.621, 10.6704, 13.5115, 10.406
1.622, 10.6839, 13.5202, 10.4186
1.623, 10.6974, 13.5289, 10.4313
1.624, 10.711, 13.5376, 10.444
1.625, 10.7245, 13.5464, 10.4566
1.626, 10.738, 13.5551, 10.4693
1.627, 10.7516, 13.5638, 10.482
1.628, 10.7652, 13.5725, 10.4947
1.629, 10.7787, 13.5813, 10.5074
1.63, 10.7923, 13.59, 10.5201
1.631, 10.8059, 13.5987, 10.5328
1.632, 10.8195, 13.6074, 10.5456
1.633, 10.8331, 13.6162, 10.5583
1.634, 10.8467, 13.6249, 10.571
1.635, 10.8603, 13.6336, 10.5838
1.636, 10.874, 13.6423, 10.5966
1.637, 10.8876, 13.6511, 10.6093
1.638, 10.9013, 13.6598, 10.6221
1.639, 10.9149, 13.6685, 10.6349
1.64, 10.9286, 13.6773, 10.6477
1.641, 10.9423, 13.686, 10.6605
1.642, 10.956, 13.6947, 10.6733
1.643, 10.9697, 13.7035, 10.6862
1.644, 10.9834, 13.7122, 10.699
1.645, 10.9971, 13.7209, 10.7118
1.646, 11.0108, 13.7297, 10.7247
1.647, 11.0245, 13.7384, 10.7376
1.648, 11.0383, 13.7471, 10.7504
1.649, 11.052, 13.7559, 10.7633
1.65, 11.0658, 13.7646, 10.7762
1.651, 11.0795, 13.7733, 10.7891
1.652, 11.0933, 13.7821, 10.802
1.653, 11.1071, 13.7908, 10.8149
1.654, 11.1209, 13.7995, 10.8278
1.655, 11.1347, 13.8083, 10.8408
1.656, 11.1485, 13.817, 10.8537
1.657, 11.1623, 13.8258, 10.8666
1.658, 11.1761, 13.8345, 10.8796
1.659, 11.19, 13.8432, 10.8926
1.66, 11.2038, 13.852, 10.9055
1.661, 11.2177, 13.8607, 10.9185
1.662, 11.2315, 13.8695, 10.9315
1.663, 11.2454, 13.8782, 10.9445
1.664, 11.2593, 13.8869, 10.9575
1.665, 11.2732, 13.8957, 10.9705
1.666, 11.287, 13.9044, 10.9836
1.667, 11.301, 13.9132, 10.9966
1.668, 11.3149, 13.9219, 11.0096
1.669, 11.3288, 13.9307, 11.0227
1.67, 11.3427, 13.9394, 11.0358
1.671, 11.3567, 13.9481, 11.0488
1.672, 11.3706, 13.9569, 11.0619
1.673, 11.3846, 13.9656, 11.075
1.674, 11.3985, 13.9744, 11.0881
1.675, 11.4125, 13.9831, 11.1012
1.676, 11.4265, 13.9919, 11.1143
1.677, 11.4405, 14.0006, 11.1274
1.678, 11.4545, 14.0094, 11.1406
1.679, 11.4685, 14.0181, 11.1537
1.68, 11.4825, 14.0269, 11.1668
1.681, 11.4965, 14.0356, 11.18
1.682, 11.5106, 14.0444, 11.1932
1.683, 11.5246, 14.0531, 11.2063
1.684, 11.5387, 14.0619, 11.2195
1.685, 11.5527, 14.0706, 11.2327
1.686, 11.5668, 14.0794, 11.2459
1.687, 11.5809, 14.0881, 11.2591
1.688, 11.595, 14.0969, 11.2723
1.689, 11.6091, 14.1056, 11.2856
1.69, 11.6232, 14.1144, 11.2988
1.691, 11.6373, 14.1231, 11.312
1.692, 11.6514, 14.1319, 11.3253
1.693, 11.6655, 14.1406, 11.3386
1.694, 11.6797, 14.1494, 11.3518
1.695, 11.6938, 14.1582, 11.3651
1.696, 11.708, 14.1669, 11.3784
1.697, 11.7222, 14.1757, 11.3917
1.698, 11.7363, 14.1844, 11.405
1.699, 11.7505, 14.1932, 11.4183
1.7, 11.7647, 14.2019, 11.4316
1.701, 11.7789, 14.2107, 11.445
1.702, 11.7931, 14.2195, 11.4583
1.703, 11.8073, 14.2282, 11.4716
1.704, 11.8216, 14.237, 11.485
1.705, 11.8358, 14.2457, 11.4984
1.706, 11.85, 14.2545, 11.5117
1.707, 11.8643, 14.2633, 11.5251
1.708, 11.8786, 14.272, 11.5385
1.709, 11.8928, 14.2808, 11.5519
1.71, 11.9071, 14.2895, 11.5653
1.711, 11.9214, 14.2983, 11.5787
1.712, 11.9357, 14.3071, 11.5922
1.713, 11.95, 14.3158, 11.6056
1.714, 11.9643, 14.3246, 11.6191
1.715, 11.9787, 14.3334, 11.6325
1.716, 11.993, 14.3421, 11.646
1.717, 12.0073, 14.3509, 11.6594
1.718, 12.0217, 14.3596, 11.6729
1.719, 12.036, 14.3684, 11.6864
1.72, 12.0504, 14.3772, 11.6999
1.721, 12.0648, 14.3859, 11.7134
1.722, 12.0792, 14.3947, 11.7269
1.723, 12.0936, 14.4035, 11.7404
1.724, 12.108, 14.4122, 11.754
1.725, 12.1224, 14.421, 11.7675
1.726, 12.1368, 14.4298, 11.7811
1.727, 12.1512, 14.4386, 11.7946
1.728, 12.1657, 14.4473, 11.8082
1.729, 12.1801, 14.4561, 11.8218
1.73, 12.1946, 14.4649, 11.8353
1.731, 12.209, 14.4736, 11.8489
1.732, 12.2235, 14.4824, 11.8625
1.733, 12.238, 14.4912, 11.8761
1.734, 12.2525, 14.5, 11.8898
1.735, 12.267, 14.5087, 11.9034
1.736, 12.2815, 14.5175, 11.917
1.737, 12.296, 14.5263, 11.9307
1.738, 12.3105, 14.535, 11.9443
1.739, 12.3251, 14.5438, 11.958
1.74, 12.3396, 14.5526, 11.9717
1.741, 12.3542, 14.5614, 11.9853
1.742, 12.3687, 14.5701, 11.999
1.743, 12.3833, 14.5789, 12.0127
1.744, 12.3979, 14.5877, 12.0264
1.745, 12.4125, 14.5965, 12.0401
1.746, 12.4271, 14.6053, 12.0539
1.747, 12.4417, 14.614, 12.0676
1.748, 12.4563, 14.6228, 12.0813
1.749, 12.4709, 14.6316, 12.0951
1.75, 12.4855, 14.6404, 12.1088
1.751, 12.5002, 14.6492, 12.1226
1.752, 12.5148, 14.6579, 12.1364
1.753, 12.5295, 14.6667, 12.1502
1.754, 12.5442, 14.6755, 12.164
1.755, 12.5588, 14.6843, 12.1778
1.756, 12.5735, 14.6931, 12.1916
1.757, 12.5882, 14.7018, 12.2054
1.758, 12.6029, 14.7106, 12.2192
1.759, 12.6176, 14.7194, 12.2331
1.76, 12.6323, 14.7282, 12.2469
1.761, 12.6471, 14.737, 12.2608
1.762, 12.6618, 14.7458, 12.2746
1.763, 12.6765, 14.7545, 12.2885
1.764, 12.6913, 14.7633, 12.3024
1.765, 12.7061, 14.7721, 12.3163
1.766, 12.7208, 14.7809, 12.3302
1.767, 12.7356, 14.7897, 12.3441
1.768, 12.7504, 14.7985, 12.358
1.769, 12.7652, 14.8073, 12.3719
1.77, 12.78, 14.816, 12.3858
1.771, 12.7948, 14.8248, 12.3998
1.772, 12.8097, 14.8336, 12.4137
1.773, 12.8245, 14.8424, 12.4277
1.774, 12.8393, 14.8512, 12.4417
1.775, 12.8542, 14.86, 12.4556
1.776, 12.869, 14.8688, 12.4696
1.777, 12.8839, 14.8776, 12.4836
1.778, 12.8988, 14.8864, 12.4976
1.779, 12.9137, 14.8952, 12.5116
1.78, 12.9286, 14.904, 12.5257
1.781, 12.9435, 14.9127, 12.5397
1.782, 12.9584, 14.9215, 12.5537
1.783, 12.9733, 14.9303, 12.5678
1.784, 12.9882, 14.9391, 12.5818
1.785, 13.0032, 14.9479, 12.5959
1.786, 13.0181, 14.9567, 12.61
1.787, 13.0331, 14.9655, 12.624
1.788, 13.048, 14.9743, 12.6381
1.789, 13.063, 14.9831, 12.6522
1.79, 13.078, 14.9919, 12.6663
1.791, 13.093, 15.0007, 12.6805
1.792, 13.108, 15.0095, 12.6946
1.793, 13.123, 15.0183, 12.7087
1.794, 13.138, 15.0271, 12.7229
1.795, 13.1531, 15.0359, 12.737
1.796, 13.1681, 15.0447, 12.7512
1.797, 13.1831, 15.0535, 12.7653
1.798, 13.1982, 15.0623, 12.7795
1.799, 13.2133, 15.0711, 12.7937
1.8, 13.2283, 15.0799, 12.8079
1.801, 13.2434, 15.0887, 12.8221
1.802, 13.2585, 15.0975, 12.8363
1.803, 13.2736, 15.1063, 12.8505
1.804, 13.2887, 15.1151, 12.8648
1.805, 13.3038, 15.1239, 12.879
1.806, 13.3189, 15.1327, 12.8933
1.807, 13.3341, 15.1415, 12.9075
1.808, 13.3492, 15.1503, 12.9218
1.809, 13.3644, 15.1591, 12.9361
1.81, 13.3795, 15.1679, 12.9503
1.811, 13.3947, 15.1767, 12.9646
1.812, 13.4099, 15.1855, 12.9789
1.813, 13.425, 15.1943, 12.9932
1.814, 13.4402, 15.2031, 13.0076
1.815, 13.4554, 15.2119, 13.0219
1.816, 13.4707, 15.2207, 13.0362
1.817, 13.4859, 15.2296, 13.0506
1.818, 13.5011, 15.2384, 13.0649
1.819, 13.5163, 15.2472, 13.0793
1.82, 13.5316, 15.256, 13.0937
1.821, 13.5468, 15.2648, 13.108
1.822, 13.5621, 15.2736, 13.1224
1.823, 13.5774, 15.2824, 13.1368
1.824, 13.5927, 15.2912, 13.1512
1.825, 13.608, 15.3, 13.1656
1.826, 13.6233, 15.3088, 13.1801
1.827, 13.6386, 15.3176, 13.1945
1.828, 13.6539, 15.3265, 13.2089
1.829, 13.6692, 15.3353, 13.2234
1.83, 13.6845, 15.3441, 13.2378
1.831, 13.6999, 15.3529, 13.2523
1.832, 13.7152, 15.3617, 13.2668
1.833, 13.7306, 15.3705, 13.2813
1.834, 13.746, 15.3793, 13.2958
1.835, 13.7614, 15.3882, 13.3103
1.836, 13.7767, 15.397, 13.3248
1.837, 13.7921, 15.4058, 13.3393
1.838, 13.8075, 15.4146, 13.3538
1.839, 13.823, 15.4234, 13.3684
1.84, 13.8384, 15.4322, 13.3829
1.841, 13.8538, 15.4411, 13.3975
1.842, 13.8693, 15.4499, 13.412
1.843, 13.8847, 15.4587, 13.4266
1.844, 13.9002, 15.4675, 13.4412
1.845, 13.9156, 15.4763, 13.4558
1.846, 13.9311, 15.4851, 13.4704
1.847, 13.9466, 15.494, 13.485
1.848, 13.9621, 15.5028, 13.4996
1.849, 13.9776, 15.5116, 13.5142
1.85, 13.9931, 15.5204, 13.5288
1.851, 14.0086, 15.5292, 13.5435
1.852, 14.0242, 15.5381, 13.5581
1.853, 14.0397, 15.5469, 13.5728
1.854, 14.0552, 15.5557, 13.5875
1.855, 14.0708, 15.5645, 13.6021
1.856, 14.0864, 15.5734, 13.6168
1.857, 14.1019, 15.5822, 13.6315
1.858, 14.1175, 15.591, 13.6462
1.859, 14.1331, 15.5998, 13.6609
1.86, 14.1487, 15.6087, 13.6757
1.861, 14.1643, 15.6175, 13.6904
1.862, 14.1799, 15.6263, 13.7051
1.863, 14.1956, 15.6351, 13.7199
1.864, 14.2112, 15.644, 13.7346
1.865, 14.2268, 15.6528, 13.7494
1.866, 14.2425, 15.6616, 13.7642
1.867, 14.2582, 15.6704, 13.779
1.868, 14.2738, 15.6793, 13.7938
1.869, 14.2895, 15.6881, 13.8086
1.87, 14.3052, 15.6969, 13.8234
1.871, 14.3209, 15.7058, 13.8382
1.872, 14.3366, 15.7146, 13.853
1.873, 14.3523, 15.7234, 13.8678
1.874, 14.368, 15.7322, 13.8827
1.875, 14.3838, 15.7411, 13.8975
1.876, 14.3995, 15.7499, 13.9124
1.877, 14.4153, 15.7587, 13.9273
1.878, 14.431, 15.7676, 13.9422
1.879, 14.4468, 15.7764, 13.957
1.88, 14.4626, 15.7852, 13.9719
1.881, 14.4783, 15.7941, 13.9869
1.882, 14.4941, 15.8029, 14.0018
1.883, 14.5099, 15.8117, 14.0167
1.884, 14.5258, 15.8206, 14.0316
1.885, 14.5416, 15.8294, 14.0466
1.886, 14.5574, 15.8382, 14.0615
1.887, 14.5732, 15.8471, 14.0765
1.888, 14.5891, 15.8559, 14.0914
1.889, 14.6049, 15.8648, 14.1064
1.89, 14.6208, 15.8736, 14.1214
1.891, 14.6367, 15.8824, 14.1364
1.892, 14.6526, 15.8913, 14.1514
1.893, 14.6685, 15.9001, 14.1664
1.894, 14.6844, 15.9089, 14.1814
1.895, 14.7003, 15.9178, 14.1965
1.896, 14.7162, 15.9266, 14.2115
1.897, 14.7321, 15.9355, 14.2265
1.898, 14.748, 15.9443, 14.2416
1.899, 14.764, 15.9531, 14.2567
1.9, 14.7799, 15.962, 14.2717
1.901, 14.7959, 15.9708, 14.2868
1.902, 14.8119, 15.9797, 14.3019
1.903, 14.8279, 15.9885, 14.317
1.904, 14.8438, 15.9973, 14.3321
1.905, 14.8598, 16.0062, 14.3472
1.906, 14.8758, 16.015, 14.3624
1.907, 14.8919, 16.0239, 14.3775
1.908, 14.9079, 16.0327, 14.3926
1.909, 14.9239, 16.0416, 14.4078
1.91, 14.94, 16.0504, 14.423
1.911, 14.956, 16.0593, 14.4381
1.912, 14.9721, 16.0681, 14.4533
1.913, 14.9881, 16.0769, 14.4685
1.914, 15.0042, 16.0858, 14.4837
1.915, 15.0203, 16.0946, 14.4989
1.916, 15.0364, 16.1035, 14.5141
1.917, 15.0525, 16.1123, 14.5293
1.918, 15.0686, 16.1212, 14.5446
1.919, 15.0847, 16.13, 14.5598
1.92, 15.1009, 16.1389, 14.5751
1.921, 15.117, 16.1477, 14.5903
1.922, 15.1331, 16.1566, 14.6056
1.923, 15.1493, 16.1654, 14.6209
1.924, 15.1655, 16.1743, 14.6361
1.925, 15.1816, 16.1831, 14.6514
1.926, 15.1978, 16.192, 14.6667
1.927, 15.214, 16.2008, 14.682
1.928, 15.2302, 16.2097, 14.6974
1.929, 15.2464, 16.2185, 14.7127
1.93, 15.2626, 16.2274, 14.728
1.931, 15.2789, 16.2362, 14.7434
1.932, 15.2951, 16.2451, 14.7587
1.933, 15.3114, 16.2539, 14.7741
1.934, 15.3276, 16.2628, 14.7895
1.935, 15.3439, 16.2717, 14.8048
1.936, 15.3601, 16.2805, 14.8202
1.937, 15.3764, 16.2894, 14.8356
1.938, 15.3927, 16.2982, 14.851
1.939, 15.409, 16.3071, 14.8665
1.94, 15.4253, 16.3159, 14.8819
1.941, 15.4416, 16.3248, 14.8973
1.942, 15.458, 16.3336, 14.9128
1.943, 15.4743, 16.3425, 14.9282
1.944, 15.4906, 16.3514, 14.9437
1.945, 15.507, 16.3602, 14.9591
1.946, 15.5233, 16.3691, 14.9746
1.947, 15.5397, 16.3779, 14.9901
1.948, 15.5561, 16.3868, 15.0056
1.949, 15.5725, 16.3957, 15.0211
1.95, 15.5889, 16.4045, 15.0366
1.951, 15.6053, 16.4134, 15.0521
1.952, 15.6217, 16.4222, 15.0677
1.953, 15.6381, 16.4311, 15.0832
1.954, 15.6545, 16.44, 15.0988
1.955, 15.671, 16.4488, 15.1143
1.956, 15.6874, 16.4577, 15.1299
1.957, 15.7039, 16.4665, 15.1455
1.958, 15.7204, 16.4754, 15.1611
1.959, 15.7368, 16.4843, 15.1766
1.96, 15.7533, 16.4931, 15.1922
1.961, 15.7698, 16.502, 15.2079
1.962, 15.7863, 16.5109, 15.2235
1.963, 15.8028, 16.5197, 15.2391
1.964, 15.8193, 16.5286, 15.2547
1.965, 15.8359, 16.5375, 15.2704
1.966, 15.8524, 16.5463, 15.286
1.967, 15.869, 16.5552, 15.3017
1.968, 15.8855, 16.5641, 15.3174
1.969, 15.9021, 16.5729, 15.3331
1.97, 15.9187, 16.5818, 15.3488
1.971, 15.9352, 16.5907, 15.3645
1.972, 15.9518, 16.5995, 15.3802
1.973, 15.9684, 16.6084, 15.3959
1.974, 15.985, 16.6173, 15.4116
1.975, 16.0016, 16.6261, 15.4273
1.976, 16.0183, 16.635, 15.4431
1.977, 16.0349, 16.6439, 15.4588
1.978, 16.0516, 16.6528, 15.4746
1.979, 16.0682, 16.6616, 15.4904
1.98, 16.0849, 16.6705, 15.5061
1.981, 16.1015, 16.6794, 15.5219
1.982, 16.1182, 16.6882, 15.5377
1.983, 16.1349, 16.6971, 15.5535
1.984, 16.1516, 16.706, 15.5693
1.985, 16.1683, 16.7149, 15.5852
1.986, 16.185, 16.7237, 15.601
1.987, 16.2017, 16.7326, 15.6168
1.988, 16.2185, 16.7415, 15.6327
1.989, 16.2352, 16.7504, 15.6485
1.99, 16.252, 16.7592, 15.6644
1.991, 16.2687, 16.7681, 15.6803
1.992, 16.2855, 16.777, 15.6962
1.993, 16.3023, 16.7859, 15.7121
1.994, 16.3191, 16.7947, 15.728
1.995, 16.3359, 16.8036, 15.7439
1.996, 16.3527, 16.8125, 15.7598
1.997, 16.3695, 16.8214, 15.7757
1.998, 16.3863, 16.8302, 15.7917
1.999, 16.4031, 16.8391, 15.8076
2, 16.42, 16.848, 15.8236
