0, 0.1, -0.5, 0
0.001, 0.0995, -0.59685, 0
0.002, 0.0989032, -0.692678, 0
0.003, 0.0982105, -0.787303, 0
0.004, 0.0974232, -0.880549, 0
0.005, 0.0965426, -0.972244, 0
0.006, 0.0955704, -1.06223, 0
0.007, 0.0945082, -1.15034, 0
0.008, 0.0933578, -1.23643, 0
0.009, 0.0921214, -1.32038, 0
0.01, 0.090801, -1.40203, 0
0.011, 0.089399, -1.48128, 0
0.012, 0.0879177, -1.55801, 0
0.013, 0.0863597, -1.63212, 0
0.014, 0.0847276, -1.70352, 0
0.015, 0.0830241, -1.77212, 0
0.016, 0.0812519, -1.83787, 0
0.017, 0.0794141, -1.90069, 0
0.018, 0.0775134, -1.96053, 0
0.019, 0.0755528, -2.01735, 0
0.02, 0.0735355, -2.07112, 0
0.021, 0.0714644, -2.12181, 0
0.022, 0.0693426, -2.16941, 0
0.023, 0.0671732, -2.2139, 0
0.024, 0.0649593, -2.25529, 0
0.025, 0.062704, -2.29358, 0
0.026, 0.0604104, -2.32879, 0
0.027, 0.0580816, -2.36094, 0
0.028, 0.0557206, -2.39005, 0
0.029, 0.0533306, -2.41615, 0
0.03, 0.0509144, -2.43928, 0
0.031, 0.0484752, -2.45947, 0
0.032, 0.0460157, -2.47678, 0
0.033, 0.0435389, -2.49125, 0
0.034, 0.0410477, -2.50293, 0
0.035, 0.0385447, -2.51188, 0
0.036, 0.0360328, -2.51814, 0
0.037, 0.0335147, -2.52178, 0
0.038, 0.0309929, -2.52287, 0
0.039, 0.0284701, -2.52145, 0
0.04, 0.0259486, -2.51759, 0
0.041, 0.023431, -2.51135, 0
0.042, 0.0209197, -2.5028, 0
0.043, 0.0184169, -2.492, 0
0.044, 0.0159249, -2.47902, 0
0.045, 0.0134459, -2.46391, 0
0.046, 0.0109819, -2.44675, 0
0.047, 0.00853518, -2.42759, 0
0.048, 0.00610759, -2.4065, 0
0.049, 0.0037011, -2.38353, 0
0.05, 0.00131756, -2.35876, 0
0.051, -0.0010412, -2.33223, 0
0.052, -0.00337343, -2.30401, 0
0.053, -0.00567744, -2.27416, 0
0.054, -0.0079516, -2.24273, 0
0.055, -0.0101943, -2.20978, 0
0.056, -0.0124041, -2.17537, 0
0.057, -0.0145795, -2.13954, 0
0.058, -0.016719, -2.10235, 0
0.059, -0.0188214, -2.06385, 0
0.06, -0.0208852, -2.02409, 0
0.061, -0.0229093, -1.98311, 0
0.062, -0.0248924, -1.94097, 0
0.063, -0.0268334, -1.89772, 0
0.064, -0.0287311, -1.85339, 0
0.065, -0.0305845, -1.80803, 0
0.066, -0.0323925, -1.76168, 0
0.067, -0.0341542, -1.71438, 0
0.068, -0.0358686, -1.66618, 0
0.069, -0.0375348, -1.61712, 0
0.07, -0.0391519, -1.56722, 0
0.071, -0.0407191, -1.51653, 0
0.072, -0.0422356, -1.46509, 0
0.073, -0.0437007, -1.41292, 0
0.074, -0.0451137, -1.36007, 0
0.075, -0.0464737, -1.30656, 0
0.076, -0.0477803, -1.25244, 0
0.077, -0.0490327, -1.19772, 0
0.078, -0.0502304, -1.14245, 0
0.079, -0.0513729, -1.08665, 0
0.08, -0.0524595, -1.03034, 0
0.081, -0.0534899, -0.973573, 0
0.082, -0.0544634, -0.916361, 0
0.083, -0.0553798, -0.858733, 0
0.084, -0.0562385, -0.800719, 0
0.085, -0.0570393, -0.742343, 0
0.086, -0.0577816, -0.683632, 0
0.087, -0.0584652, -0.624612, 0
0.088, -0.0590898, -0.565306, 0
0.089, -0.0596552, -0.505741, 0
0.09, -0.0601609, -0.445941, 0
0.091, -0.0606068, -0.385929, 0
0.092, -0.0609928, -0.325729, 0
0.093, -0.0613185, -0.265364, 0
0.094, -0.0615839, -0.204859, 0
0.095, -0.0617887, -0.144235, 0
0.096, -0.061933, -0.0835164, 0
0.097, -0.0620165, -0.0227253, 0
0.098, -0.0620392, 0.0381154, 0
0.099, -0.0620011, 0.0989686, 0
0.1, -0.0619021, 0.159743, 0
0.101, -0.0617424, 0.220341, 0
0.102, -0.061522, 0.280668, 0
0.103, -0.0612414, 0.340627, 0
0.104, -0.0609007, 0.400124, 0
0.105, -0.0605006, 0.459068, 0
0.106, -0.0600415, 0.517365, 0
0.107, -0.0595242, 0.574927, 0
0.108, -0.0589492, 0.631668, 0
0.109, -0.0583176, 0.687502, 0
0.11, -0.0576301, 0.742348, 0
0.111, -0.0568877, 0.796128, 0
0.112, -0.0560916, 0.848766, 0
0.113, -0.0552428, 0.90019, 0
0.114, -0.0543426, 0.950331, 0
0.115, -0.0533923, 0.999126, 0
0.116, -0.0523932, 1.04651, 0
0.117, -0.0513467, 1.09243, 0
0.118, -0.0502542, 1.13684, 0
0.119, -0.0491174, 1.17968, 0
0.12, -0.0479377, 1.2209, 0
0.121, -0.0467168, 1.26048, 0
0.122, -0.0454564, 1.29836, 0
0.123, -0.044158, 1.33452, 0
0.124, -0.0428235, 1.36894, 0
0.125, -0.0414545, 1.40158, 0
0.126, -0.0400529, 1.43242, 0
0.127, -0.0386205, 1.46146, 0
0.128, -0.0371591, 1.48866, 0
0.129, -0.0356704, 1.51404, 0
0.13, -0.0341564, 1.53757, 0
0.131, -0.0326188, 1.55925, 0
0.132, -0.0310595, 1.5791, 0
0.133, -0.0294805, 1.5971, 0
0.134, -0.0278834, 1.61327, 0
0.135, -0.0262701, 1.62761, 0
0.136, -0.0246425, 1.64013, 0
0.137, -0.0230024, 1.65086, 0
0.138, -0.0213515, 1.65979, 0
0.139, -0.0196917, 1.66697, 0
0.14, -0.0180247, 1.67239, 0
0.141, -0.0163523, 1.67609, 0
0.142, -0.0146763, 1.67808, 0
0.143, -0.0129982, 1.6784, 0
0.144, -0.0113198, 1.67707, 0
0.145, -0.00964271, 1.67411, 0
0.146, -0.00796861, 1.66955, 0
0.147, -0.00629905, 1.66343, 0
0.148, -0.00463562, 1.65578, 0
0.149, -0.00297984, 1.64662, 0
0.15, -0.00133322, 1.63598, 0
0.151, 0.000302761, 1.62391, 0
0.152, 0.00192667, 1.61043, 0
0.153, 0.0035371, 1.59557, 0
0.154, 0.00513267, 1.57937, 0
0.155, 0.00671204, 1.56186, 0
0.156, 0.0082739, 1.54308, 0
0.157, 0.00981699, 1.52306, 0
0.158, 0.01134, 1.50183, 0
0.159, 0.0128419, 1.47943, 0
0.16, 0.0143213, 1.45589, 0
0.161, 0.0157772, 1.43124, 0
0.162, 0.0172084, 1.40552, 0
0.163, 0.018614, 1.37876, 0
0.164, 0.0199927, 1.351, 0
0.165, 0.0213437, 1.32226, 0
0.166, 0.022666, 1.29258, 0
0.167, 0.0239585, 1.26199, 0
0.168, 0.0252205, 1.23052, 0
0.169, 0.0264511, 1.19821, 0
0.17, 0.0276493, 1.16508, 0
0.171, 0.0288144, 1.13117, 0
0.172, 0.0299455, 1.09651, 0
0.173, 0.031042, 1.06112, 0
0.174, 0.0321031, 1.02504, 0
0.175, 0.0331282, 0.98829, 0
0.176, 0.0341165, 0.950908, 0
0.177, 0.0350674, 0.912918, 0
0.178, 0.0359803, 0.87435, 0
0.179, 0.0368547, 0.835231, 0
0.18, 0.0376899, 0.795589, 0
0.181, 0.0384855, 0.75545, 0
0.182, 0.0392409, 0.714842, 0
0.183, 0.0399558, 0.673792, 0
0.184, 0.0406296, 0.632325, 0
0.185, 0.0412619, 0.590469, 0
0.186, 0.0418524, 0.548247, 0
0.187, 0.0424006, 0.505687, 0
0.188, 0.0429063, 0.462814, 0
0.189, 0.0433691, 0.419652, 0
0.19, 0.0437888, 0.376226, 0
0.191, 0.044165, 0.332562, 0
0.192, 0.0444975, 0.288683, 0
0.193, 0.0447862, 0.244614, 0
0.194, 0.0450308, 0.20038, 0
0.195, 0.0452312, 0.156004, 0
0.196, 0.0453872, 0.11151, 0
0.197, 0.0454987, 0.066923, 0
0.198, 0.0455657, 0.0222664, 0
0.199, 0.0455879, -0.022436, 0
0.2, 0.0455655, -0.0671552, 0
0.201, 0.0454983, -0.111832, 0
0.202, 0.0453865, -0.156404, 0
0.203, 0.0452301, -0.200806, 0
0.204, 0.0450293, -0.244975, 0
0.205, 0.0447843, -0.288848, 0
0.206, 0.0444955, -0.332365, 0
0.207, 0.0441631, -0.375462, 0
0.208, 0.0437876, -0.418081, 0
0.209, 0.0433696, -0.460163, 0
0.21, 0.0429094, -0.50165, 0
0.211, 0.0424077, -0.542486, 0
0.212, 0.0418653, -0.582616, 0
0.213, 0.0412826, -0.621989, 0
0.214, 0.0406607, -0.660553, 0
0.215, 0.0400001, -0.698259, 0
0.216, 0.0393018, -0.735062, 0
0.217, 0.0385668, -0.770915, 0
0.218, 0.0377959, -0.805778, 0
0.219, 0.0369901, -0.839609, 0
0.22, 0.0361505, -0.872371, 0
0.221, 0.0352781, -0.90403, 0
0.222, 0.0343741, -0.934551, 0
0.223, 0.0334395, -0.963905, 0
0.224, 0.0324756, -0.992064, 0
0.225, 0.0314836, -1.019, 0
0.226, 0.0304646, -1.0447, 0
0.227, 0.0294199, -1.06912, 0
0.228, 0.0283507, -1.09227, 0
0.229, 0.0272585, -1.11412, 0
0.23, 0.0261443, -1.13465, 0
0.231, 0.0250097, -1.15386, 0
0.232, 0.0238558, -1.17174, 0
0.233, 0.0226841, -1.18828, 0
0.234, 0.0214958, -1.20347, 0
0.235, 0.0202923, -1.21732, 0
0.236, 0.019075, -1.22981, 0
0.237, 0.0178452, -1.24096, 0
0.238, 0.0166043, -1.25077, 0
0.239, 0.0153535, -1.25924, 0
0.24, 0.0140943, -1.26637, 0
0.241, 0.0128279, -1.27218, 0
0.242, 0.0115557, -1.27667, 0
0.243, 0.010279, -1.27986, 0
0.244, 0.00899918, -1.28175, 0
0.245, 0.00771743, -1.28236, 0
0.246, 0.00643507, -1.28171, 0
0.247, 0.00515335, -1.27981, 0
0.248, 0.00387354, -1.27668, 0
0.249, 0.00259687, -1.27233, 0
0.25, 0.00132454, -1.26678, 0
0.251, 5.77584e-05, -1.26006, 0
0.252, -0.0012023, -1.25217, 0
0.253, -0.00245447, -1.24316, 0
0.254, -0.00369763, -1.23302, 0
0.255, -0.00493065, -1.22179, 0
0.256, -0.00615244, -1.20949, 0
0.257, -0.00736193, -1.19614, 0
0.258, -0.00855807, -1.18176, 0
0.259, -0.00973983, -1.16639, 0
0.26, -0.0109062, -1.15003, 0
0.261, -0.0120562, -1.13272, 0
0.262, -0.013189, -1.11447, 0
0.263, -0.0143034, -1.09533, 0
0.264, -0.0153988, -1.0753, 0
0.265, -0.0164741, -1.05441, 0
0.266, -0.0175285, -1.03269, 0
0.267, -0.0185612, -1.01016, 0
0.268, -0.0195713, -0.98685, 0
0.269, -0.0205582, -0.962781, 0
0.27, -0.021521, -0.937979, 0
0.271, -0.0224589, -0.912468, 0
0.272, -0.0233714, -0.886273, 0
0.273, -0.0242577, -0.859418, 0
0.274, -0.0251171, -0.831928, 0
0.275, -0.025949, -0.803828, 0
0.276, -0.0267528, -0.775141, 0
0.277, -0.027528, -0.745892, 0
0.278, -0.0282739, -0.716106, 0
0.279, -0.02899, -0.685805, 0
0.28, -0.0296758, -0.655014, 0
0.281, -0.0303308, -0.623757, 0
0.282, -0.0309546, -0.592057, 0
0.283, -0.0315466, -0.559938, 0
0.284, -0.0321066, -0.527423, 0
0.285, -0.032634, -0.494536, 0
0.286, -0.0331285, -0.461299, 0
0.287, -0.0335898, -0.427736, 0
0.288, -0.0340176, -0.39387, 0
0.289, -0.0344114, -0.359723, 0
0.29, -0.0347711, -0.325318, 0
0.291, -0.0350965, -0.290678, 0
0.292, -0.0353871, -0.255826, 0
0.293, -0.035643, -0.220784, 0
0.294, -0.0358638, -0.185575, 0
0.295, -0.0360493, -0.15022, 0
0.296, -0.0361995, -0.114743, 0
0.297, -0.0363143, -0.0791654, 0
0.298, -0.0363935, -0.0435098, 0
0.299, -0.036437, -0.00779834, 0
0.3, -0.0364448, 0.0279466, 0
0.301, -0.0364168, 0.063695, 0
0.302, -0.0363531, 0.0993996, 0
0.303, -0.0362537, 0.135013, 0
0.304, -0.0361187, 0.170486, 0
0.305, -0.0359482, 0.205774, 0
0.306, -0.0357424, 0.240827, 0
0.307, -0.0355016, 0.2756, 0
0.308, -0.035226, 0.310048, 0
0.309, -0.034916, 0.344124, 0
0.31, -0.0345718, 0.377784, 0
0.311, -0.0341941, 0.410986, 0
0.312, -0.0337831, 0.443685, 0
0.313, -0.0333394, 0.475842, 0
0.314, -0.0328636, 0.507416, 0
0.315, -0.0323561, 0.538368, 0
0.316, -0.0318178, 0.56866, 0
0.317, -0.0312491, 0.598256, 0
0.318, -0.0306509, 0.627122, 0
0.319, -0.0300237, 0.655224, 0
0.32, -0.0293685, 0.682531, 0
0.321, -0.028686, 0.709012, 0
0.322, -0.027977, 0.73464, 0
0.323, -0.0272423, 0.759387, 0
0.324, -0.0264829, 0.783228, 0
0.325, -0.0256997, 0.806141, 0
0.326, -0.0248936, 0.828103, 0
0.327, -0.0240655, 0.849095, 0
0.328, -0.0232164, 0.869098, 0
0.329, -0.0223473, 0.888097, 0
0.33, -0.0214592, 0.906076, 0
0.331, -0.0205531, 0.923022, 0
0.332, -0.0196301, 0.938925, 0
0.333, -0.0186912, 0.953774, 0
0.334, -0.0177374, 0.967562, 0
0.335, -0.0167698, 0.980281, 0
0.336, -0.0157895, 0.991928, 0
0.337, -0.0147976, 1.0025, 0
0.338, -0.0137951, 1.01199, 0
0.339, -0.0127831, 1.0204, 0
0.34, -0.0117627, 1.02774, 0
0.341, -0.010735, 1.03399, 0
0.342, -0.00970099, 1.03918, 0
0.343, -0.00866181, 1.0433, 0
0.344, -0.00761851, 1.04635, 0
0.345, -0.00657216, 1.04835, 0
0.346, -0.00552381, 1.0493, 0
0.347, -0.00447451, 1.04922, 0
0.348, -0.00342529, 1.0481, 0
0.349, -0.00237719, 1.04597, 0
0.35, -0.00133122, 1.04283, 0
0.351, -0.000288392, 1.0387, 0
0.352, 0.000750307, 1.03359, 0
0.353, 0.0017839, 1.02751, 0
0.354, 0.00281141, 1.02048, 0
0.355, 0.00383189, 1.01252, 0
0.356, 0.0048444, 1.00363, 0
0.357, 0.00584803, 0.993843, 0
0.358, 0.00684188, 0.983167, 0
0.359, 0.00782504, 0.971622, 0
0.36, 0.00879667, 0.959226, 0
0.361, 0.00975589, 0.945995, 0
0.362, 0.0107019, 0.93195, 0
0.363, 0.0116338, 0.917109, 0
0.364, 0.0125509, 0.901491, 0
0.365, 0.0134524, 0.885115, 0
0.366, 0.0143376, 0.868001, 0
0.367, 0.0152056, 0.850169, 0
0.368, 0.0160557, 0.831638, 0
0.369, 0.0168874, 0.812429, 0
0.37, 0.0176998, 0.792563, 0
0.371, 0.0184924, 0.772058, 0
0.372, 0.0192644, 0.750937, 0
0.373, 0.0200153, 0.729219, 0
0.374, 0.0207446, 0.706925, 0
0.375, 0.0214515, 0.684076, 0
0.376, 0.0221356, 0.660692, 0
0.377, 0.0227963, 0.636795, 0
0.378, 0.0234331, 0.612404, 0
0.379, 0.0240455, 0.587541, 0
0.38, 0.024633, 0.562227, 0
0.381, 0.0251952, 0.536481, 0
0.382, 0.0257317, 0.510325, 0
0.383, 0.026242, 0.483781, 0
0.384, 0.0267258, 0.456867, 0
0.385, 0.0271827, 0.429605, 0
0.386, 0.0276123, 0.402016, 0
0.387, 0.0280143, 0.37412, 0
0.388, 0.0283884, 0.345939, 0
0.389, 0.0287344, 0.317491, 0
0.39, 0.0290519, 0.288799, 0
0.391, 0.0293407, 0.259882, 0
0.392, 0.0296005, 0.230761, 0
0.393, 0.0298313, 0.201457, 0
0.394, 0.0300328, 0.171989, 0
0.395, 0.0302047, 0.142379, 0
0.396, 0.0303471, 0.112647, 0
0.397, 0.0304598, 0.082813, 0
0.398, 0.0305426, 0.0528977, 0
0.399, 0.0305955, 0.0229214, 0
0.4, 0.0306184, -0.00709538, 0
0.401, 0.0306113, -0.0371318, 0
0.402, 0.0305742, -0.0671546, 0
0.403, 0.030507, -0.0971253, 0
0.404, 0.0304099, -0.127006, 0
0.405, 0.0302829, -0.156757, 0
0.406, 0.0301261, -0.186342, 0
0.407, 0.0299398, -0.215722, 0
0.408, 0.0297241, -0.24486, 0
0.409, 0.0294792, -0.27372, 0
0.41, 0.0292055, -0.302264, 0
0.411, 0.0289032, -0.330458, 0
0.412, 0.0285728, -0.358266, 0
0.413, 0.0282145, -0.385654, 0
0.414, 0.0278288, -0.412589, 0
0.415, 0.0274163, -0.439038, 0
0.416, 0.0269772, -0.464969, 0
0.417, 0.0265123, -0.490353, 0
0.418, 0.0260219, -0.515159, 0
0.419, 0.0255067, -0.53936, 0
0.42, 0.0249674, -0.562927, 0
0.421, 0.0244045, -0.585836, 0
0.422, 0.0238186, -0.608061, 0
0.423, 0.0232106, -0.629578, 0
0.424, 0.022581, -0.650366, 0
0.425, 0.0219306, -0.670403, 0
0.426, 0.0212602, -0.689669, 0
0.427, 0.0205705, -0.708148, 0
0.428, 0.0198624, -0.72582, 0
0.429, 0.0191366, -0.742671, 0
0.43, 0.0183939, -0.758686, 0
0.431, 0.0176352, -0.773852, 0
0.432, 0.0168614, -0.788158, 0
0.433, 0.0160732, -0.801593, 0
0.434, 0.0152716, -0.814148, 0
0.435, 0.0144575, -0.825816, 0
0.436, 0.0136316, -0.836589, 0
0.437, 0.0127951, -0.846462, 0
0.438, 0.0119486, -0.855431, 0
0.439, 0.0110932, -0.863494, 0
0.44, 0.0102297, -0.870648, 0
0.441, 0.00935902, -0.876893, 0
0.442, 0.00848213, -0.88223, 0
0.443, 0.0075999, -0.886659, 0
0.444, 0.00671324, -0.890184, 0
0.445, 0.00582306, -0.892807, 0
0.446, 0.00493025, -0.894534, 0
0.447, 0.00403571, -0.89537, 0
0.448, 0.00314034, -0.895321, 0
0.449, 0.00224502, -0.894393, 0
0.45, 0.00135063, -0.892596, 0
0.451, 0.000458035, -0.889937, 0
0.452, -0.000431903, -0.886427, 0
0.453, -0.00131833, -0.882074, 0
0.454, -0.0022004, -0.876891, 0
0.455, -0.00307729, -0.870887, 0
0.456, -0.00394818, -0.864076, 0
0.457, -0.00481226, -0.85647, 0
0.458, -0.00566873, -0.848081, 0
0.459, -0.00651681, -0.838924, 0
0.46, -0.00735573, -0.829012, 0
0.461, -0.00818475, -0.81836, 0
0.462, -0.00900311, -0.806982, 0
0.463, -0.00981009, -0.794894, 0
0.464, -0.010605, -0.782111, 0
0.465, -0.0113871, -0.768649, 0
0.466, -0.0121557, -0.754524, 0
0.467, -0.0129103, -0.739753, 0
0.468, -0.01365, -0.724352, 0
0.469, -0.0143744, -0.708338, 0
0.47, -0.0150827, -0.691728, 0
0.471, -0.0157744, -0.674539, 0
0.472, -0.016449, -0.656789, 0
0.473, -0.0171058, -0.638496, 0
0.474, -0.0177443, -0.619677, 0
0.475, -0.0183639, -0.60035, 0
0.476, -0.0189643, -0.580533, 0
0.477, -0.0195448, -0.560244, 0
0.478, -0.0201051, -0.539501, 0
0.479, -0.0206446, -0.518322, 0
0.48, -0.0211629, -0.496727, 0
0.481, -0.0216596, -0.474732, 0
0.482, -0.0221343, -0.452357, 0
0.483, -0.0225867, -0.429621, 0
0.484, -0.0230163, -0.40654, 0
0.485, -0.0234229, -0.383135, 0
0.486, -0.023806, -0.359423, 0
0.487, -0.0241654, -0.335423, 0
0.488, -0.0245008, -0.311154, 0
0.489, -0.024812, -0.286635, 0
0.49, -0.0250986, -0.261884, 0
0.491, -0.0253605, -0.236919, 0
0.492, -0.0255974, -0.21176, 0
0.493, -0.0258092, -0.186424, 0
0.494, -0.0259956, -0.160932, 0
0.495, -0.0261566, -0.135301, 0
0.496, -0.0262919, -0.109549, 0
0.497, -0.0264014, -0.0836972, 0
0.498, -0.0264851, -0.0577624, 0
0.499, -0.0265429, -0.0317638, 0
0.5, -0.0265746, -0.00572019, 0
0.501, -0.0265803, 0.0203497, 0
0.502, -0.02656, 0.0464229, 0
0.503, -0.0265136, 0.0724675, 0
0.504, -0.0264411, 0.0984511, 0
0.505, -0.0263427, 0.124341, 0
0.506, -0.0262183, 0.150106, 0
0.507, -0.0260682, 0.175714, 0
0.508, -0.0258925, 0.201132, 0
0.509, -0.0256914, 0.22633, 0
0.51, -0.025465, 0.251278, 0
0.511, -0.0252138, 0.275943, 0
0.512, -0.0249378, 0.300297, 0
0.513, -0.0246375, 0.32431, 0
0.514, -0.0243132, 0.347954, 0
0.515, -0.0239653, 0.3712, 0
0.516, -0.0235941, 0.394021, 0
0.517, -0.0232, 0.41639, 0
0.518, -0.0227836, 0.438282, 0
0.519, -0.0223454, 0.459673, 0
0.52, -0.0218857, 0.480537, 0
0.521, -0.0214051, 0.500852, 0
0.522, -0.0209043, 0.520596, 0
0.523, -0.0203837, 0.539748, 0
0.524, -0.019844, 0.558288, 0
0.525, -0.0192857, 0.576197, 0
0.526, -0.0187095, 0.593456, 0
0.527, -0.018116, 0.610049, 0
0.528, -0.017506, 0.62596, 0
0.529, -0.01688, 0.641174, 0
0.53, -0.0162388, 0.655678, 0
0.531, -0.0155832, 0.669459, 0
0.532, -0.0149137, 0.682505, 0
0.533, -0.0142312, 0.694806, 0
0.534, -0.0135364, 0.706353, 0
0.535, -0.01283, 0.717138, 0
0.536, -0.0121129, 0.727152, 0
0.537, -0.0113857, 0.736391, 0
0.538, -0.0106493, 0.74485, 0
0.539, -0.0099045, 0.752523, 0
0.54, -0.00915197, 0.759407, 0
0.541, -0.00839257, 0.765502, 0
0.542, -0.00762706, 0.770805, 0
0.543, -0.00685626, 0.775317, 0
0.544, -0.00608094, 0.779037, 0
0.545, -0.00530191, 0.781968, 0
0.546, -0.00451994, 0.784112, 0
0.547, -0.00373583, 0.785472, 0
0.548, -0.00295035, 0.786052, 0
0.549, -0.0021643, 0.785857, 0
0.55, -0.00137845, 0.784892, 0
0.551, -0.000593554, 0.783164, 0
0.552, 0.000189609, 0.780679, 0
0.553, 0.000970289, 0.777446, 0
0.554, 0.00174773, 0.773472, 0
0.555, 0.00252121, 0.768766, 0
0.556, 0.00328997, 0.763338, 0
0.557, 0.00405331, 0.757197, 0
0.558, 0.00481051, 0.750354, 0
0.559, 0.00556086, 0.74282, 0
0.56, 0.00630368, 0.734606, 0
0.561, 0.00703829, 0.725724, 0
0.562, 0.00776401, 0.716186, 0
0.563, 0.0084802, 0.706004, 0
0.564, 0.0091862, 0.695193, 0
0.565, 0.00988139, 0.683765, 0
0.566, 0.0105652, 0.671734, 0
0.567, 0.0112369, 0.659113, 0
0.568, 0.011896, 0.645918, 0
0.569, 0.0125419, 0.632162, 0
0.57, 0.0131741, 0.61786, 0
0.571, 0.0137919, 0.603027, 0
0.572, 0.014395, 0.587679, 0
0.573, 0.0149827, 0.571831, 0
0.574, 0.0155545, 0.555498, 0
0.575, 0.01611, 0.538696, 0
0.576, 0.0166487, 0.521441, 0
0.577, 0.0171701, 0.503749, 0
0.578, 0.0176739, 0.485637, 0
0.579, 0.0181595, 0.467119, 0
0.58, 0.0186266, 0.448214, 0
0.581, 0.0190748, 0.428937, 0
0.582, 0.0195038, 0.409304, 0
0.583, 0.0199131, 0.389334, 0
0.584, 0.0203024, 0.369041, 0
0.585, 0.0206715, 0.348443, 0
0.586, 0.0210199, 0.327558, 0
0.587, 0.0213475, 0.306401, 0
0.588, 0.0216539, 0.284989, 0
0.589, 0.0219388, 0.263341, 0
0.59, 0.0222022, 0.241472, 0
0.591, 0.0224437, 0.2194, 0
0.592, 0.0226631, 0.197142, 0
0.593, 0.0228602, 0.174715, 0
0.594, 0.0230349, 0.152137, 0
0.595, 0.0231871, 0.129424, 0
0.596, 0.0233165, 0.106594, 0
0.597, 0.0234231, 0.0836635, 0
0.598, 0.0235067, 0.0606504, 0
0.599, 0.0235674, 0.0375719, 0
0.6, 0.023605, 0.0144453, 0
0.601, 0.0236194, -0.00871224, 0
0.602, 0.0236107, -0.0318825, 0
0.603, 0.0235788, -0.0550395, 0
0.604, 0.0235238, -0.0781552, 0
0.605, 0.0234456, -0.101201, 0
0.606, 0.0233444, -0.12415, 0
0.607, 0.0232203, -0.146974, 0
0.608, 0.0230733, -0.169645, 0
0.609, 0.0229036, -0.192136, 0
0.61, 0.0227115, -0.21442, 0
0.611, 0.0224971, -0.23647, 0
0.612, 0.0222606, -0.25826, 0
0.613, 0.0220024, -0.279764, 0
0.614, 0.0217226, -0.300957, 0
0.615, 0.0214216, -0.321814, 0
0.616, 0.0210998, -0.342311, 0
0.617, 0.0207575, -0.362424, 0
0.618, 0.0203951, -0.382131, 0
0.619, 0.020013, -0.401408, 0
0.62, 0.0196115, -0.420235, 0
0.621, 0.0191913, -0.438591, 0
0.622, 0.0187527, -0.456456, 0
0.623, 0.0182963, -0.473811, 0
0.624, 0.0178225, -0.490637, 0
0.625, 0.0173318, -0.506917, 0
0.626, 0.0168249, -0.522635, 0
0.627, 0.0163023, -0.537774, 0
0.628, 0.0157645, -0.552321, 0
0.629, 0.0152122, -0.56626, 0
0.63, 0.0146459, -0.57958, 0
0.631, 0.0140663, -0.592268, 0
0.632, 0.0134741, -0.604313, 0
0.633, 0.0128697, -0.615705, 0
0.634, 0.012254, -0.626435, 0
0.635, 0.0116276, -0.636494, 0
0.636, 0.0109911, -0.645875, 0
0.637, 0.0103452, -0.654572, 0
0.638, 0.00969066, -0.662578, 0
0.639, 0.00902808, -0.66989, 0
0.64, 0.0083582, -0.676503, 0
0.641, 0.00768169, -0.682414, 0
0.642, 0.00699928, -0.687621, 0
0.643, 0.00631166, -0.692123, 0
0.644, 0.00561954, -0.69592, 0
0.645, 0.00492362, -0.699011, 0
0.646, 0.0042246, -0.701398, 0
0.647, 0.00352321, -0.703082, 0
0.648, 0.00282012, -0.704067, 0
0.649, 0.00211606, -0.704355, 0
0.65, 0.0014117, -0.70395, 0
0.651, 0.000707752, -0.702857, 0
0.652, 4.89409e-06, -0.701082, 0
0.653, -0.000696188, -0.698629, 0
0.654, -0.00139482, -0.695506, 0
0.655, -0.00209032, -0.691719, 0
0.656, -0.00278204, -0.687276, 0
0.657, -0.00346932, -0.682185, 0
0.658, -0.0041515, -0.676454, 0
0.659, -0.00482796, -0.670094, 0
0.66, -0.00549805, -0.663113, 0
0.661, -0.00616116, -0.65552, 0
0.662, -0.00681668, -0.647328, 0
0.663, -0.00746401, -0.638545, 0
0.664, -0.00810256, -0.629185, 0
0.665, -0.00873174, -0.619257, 0
0.666, -0.009351, -0.608773, 0
0.667, -0.00995977, -0.597747, 0
0.668, -0.0105575, -0.58619, 0
0.669, -0.0111437, -0.574115, 0
0.67, -0.0117178, -0.561535, 0
0.671, -0.0122794, -0.548463, 0
0.672, -0.0128278, -0.534913, 0
0.673, -0.0133627, -0.520898, 0
0.674, -0.0138836, -0.506433, 0
0.675, -0.0143901, -0.49153, 0
0.676, -0.0148816, -0.476206, 0
0.677, -0.0153578, -0.460473, 0
0.678, -0.0158183, -0.444347, 0
0.679, -0.0162626, -0.427842, 0
0.68, -0.0166905, -0.410973, 0
0.681, -0.0171014, -0.393755, 0
0.682, -0.0174952, -0.376204, 0
0.683, -0.0178714, -0.358333, 0
0.684, -0.0182297, -0.340159, 0
0.685, -0.0185699, -0.321697, 0
0.686, -0.0188916, -0.302963, 0
0.687, -0.0191945, -0.283971, 0
0.688, -0.0194785, -0.264738, 0
0.689, -0.0197433, -0.245279, 0
0.69, -0.0199885, -0.22561, 0
0.691, -0.0202141, -0.205747, 0
0.692, -0.0204199, -0.185705, 0
0.693, -0.0206056, -0.165501, 0
0.694, -0.0207711, -0.14515, 0
0.695, -0.0209163, -0.124668, 0
0.696, -0.0210409, -0.104072, 0
0.697, -0.021145, -0.0833764, 0
0.698, -0.0212284, -0.0625984, 0
0.699, -0.021291, -0.0417538, 0
0.7, -0.0213327, -0.0208587, 0
0.701, -0.0213536, 7.09118e-05, 0
0.702, -0.0213535, 0.0210188, 0
0.703, -0.0213325, 0.0419644, 0
0.704, -0.0212905, 0.0628827, 0
0.705, -0.0212276, 0.0837489, 0
0.706, -0.0211439, 0.104538, 0
0.707, -0.0210394, 0.125226, 0
0.708, -0.0209141, 0.145787, 0
0.709, -0.0207683, 0.166197, 0
0.71, -0.0206021, 0.186433, 0
0.711, -0.0204157, 0.20647, 0
0.712, -0.0202092, 0.226285, 0
0.713, -0.019983, 0.245854, 0
0.714, -0.0197371, 0.265155, 0
0.715, -0.0194719, 0.284165, 0
0.716, -0.0191878, 0.302864, 0
0.717, -0.0188849, 0.321228, 0
0.718, -0.0185637, 0.339238, 0
0.719, -0.0182245, 0.356874, 0
0.72, -0.0178676, 0.374115, 0
0.721, -0.0174935, 0.390944, 0
0.722, -0.0171025, 0.407341, 0
0.723, -0.0166952, 0.423289, 0
0.724, -0.0162719, 0.438771, 0
0.725, -0.0158331, 0.453771, 0
0.726, -0.0153793, 0.468274, 0
0.727, -0.0149111, 0.482264, 0
0.728, -0.0144288, 0.495729, 0
0.729, -0.0139331, 0.508655, 0
0.73, -0.0134244, 0.52103, 0
0.731, -0.0129034, 0.532842, 0
0.732, -0.0123706, 0.54408, 0
0.733, -0.0118265, 0.554736, 0
0.734, -0.0112717, 0.564799, 0
0.735, -0.0107069, 0.574261, 0
0.736, -0.0101327, 0.583116, 0
0.737, -0.00954956, 0.591356, 0
0.738, -0.00895821, 0.598976, 0
0.739, -0.00835923, 0.60597, 0
0.74, -0.00775326, 0.612334, 0
0.741, -0.00714093, 0.618065, 0
0.742, -0.00652286, 0.623161, 0
0.743, -0.0058997, 0.627618, 0
0.744, -0.00527208, 0.631436, 0
0.745, -0.00464065, 0.634614, 0
0.746, -0.00400603, 0.637153, 0
0.747, -0.00336888, 0.639053, 0
0.748, -0.00272982, 0.640316, 0
0.749, -0.00208951, 0.640944, 0
0.75, -0.00144856, 0.64094, 0
0.751, -0.000807624, 0.640307, 0
0.752, -0.000167317, 0.639049, 0
0.753, 0.000471732, 0.637171, 0
0.754, 0.0011089, 0.634679, 0
0.755, 0.00174358, 0.631577, 0
0.756, 0.00237516, 0.627872, 0
0.757, 0.00300303, 0.623571, 0
0.758, 0.0036266, 0.618681, 0
0.759, 0.00424528, 0.613209, 0
0.76, 0.00485849, 0.607164, 0
0.761, 0.00546566, 0.600555, 0
0.762, 0.00606621, 0.59339, 0
0.763, 0.0066596, 0.585678, 0
0.764, 0.00724528, 0.57743, 0
0.765, 0.00782271, 0.568655, 0
0.766, 0.00839136, 0.559364, 0
0.767, 0.00895073, 0.549568, 0
0.768, 0.0095003, 0.539277, 0
0.769, 0.0100396, 0.528503, 0
0.77, 0.0105681, 0.517258, 0
0.771, 0.0110853, 0.505553, 0
0.772, 0.0115909, 0.4934, 0
0.773, 0.0120843, 0.480812, 0
0.774, 0.0125651, 0.467802, 0
0.775, 0.0130329, 0.454381, 0
0.776, 0.0134873, 0.440564, 0
0.777, 0.0139278, 0.426362, 0
0.778, 0.0143542, 0.41179, 0
0.779, 0.014766, 0.396861, 0
0.78, 0.0151629, 0.381588, 0
0.781, 0.0155444, 0.365985, 0
0.782, 0.0159104, 0.350066, 0
0.783, 0.0162605, 0.333845, 0
0.784, 0.0165943, 0.317336, 0
0.785, 0.0169117, 0.300554, 0
0.786, 0.0172122, 0.283512, 0
0.787, 0.0174957, 0.266225, 0
0.788, 0.017762, 0.248707, 0
0.789, 0.0180107, 0.230973, 0
0.79, 0.0182417, 0.213038, 0
0.791, 0.0184547, 0.194916, 0
0.792, 0.0186496, 0.176622, 0
0.793, 0.0188262, 0.158171, 0
0.794, 0.0189844, 0.139577, 0
0.795, 0.019124, 0.120856, 0
0.796, 0.0192448, 0.102022, 0
0.797, 0.0193469, 0.0830912, 0
0.798, 0.0194299, 0.0640774, 0
0.799, 0.019494, 0.0449961, 0
0.8, 0.019539, 0.0258624, 0
0.801, 0.0195649, 0.00669123, 0
0.802, 0.0195716, -0.0125021, 0
0.803, 0.0195591, -0.0317011, 0
0.804, 0.0195274, -0.0508835, 0
0.805, 0.0194765, -0.0700269, 0
0.806, 0.0194065, -0.0891088, 0
0.807, 0.0193174, -0.108107, 0
0.808, 0.0192092, -0.126999, 0
0.809, 0.0190822, -0.145762, 0
0.81, 0.0189365, -0.164376, 0
0.811, 0.0187721, -0.182817, 0
0.812, 0.0185893, -0.201066, 0
0.813, 0.0183882, -0.2191, 0
0.814, 0.0181691, -0.236899, 0
0.815, 0.0179322, -0.254442, 0
0.816, 0.0176778, -0.27171, 0
0.817, 0.0174061, -0.288682, 0
0.818, 0.0171174, -0.305341, 0
0.819, 0.0168121, -0.321667, 0
0.82, 0.0164904, -0.337642, 0
0.821, 0.0161527, -0.353249, 0
0.822, 0.0157995, -0.368471, 0
0.823, 0.015431, -0.383292, 0
0.824, 0.0150477, -0.397695, 0
0.825, 0.01465, -0.411666, 0
0.826, 0.0142384, -0.42519, 0
0.827, 0.0138132, -0.438254, 0
0.828, 0.0133749, -0.450845, 0
0.829, 0.0129241, -0.462949, 0
0.83, 0.0124611, -0.474556, 0
0.831, 0.0119866, -0.485654, 0
0.832, 0.0115009, -0.496234, 0
0.833, 0.0110047, -0.506285, 0
0.834, 0.0104984, -0.515799, 0
0.835, 0.0099826, -0.524768, 0
0.836, 0.00945783, -0.533184, 0
0.837, 0.00892465, -0.541041, 0
0.838, 0.00838361, -0.548332, 0
0.839, 0.00783528, -0.555053, 0
0.84, 0.00728022, -0.561199, 0
0.841, 0.00671902, -0.566766, 0
0.842, 0.00615226, -0.571751, 0
0.843, 0.00558051, -0.576152, 0
0.844, 0.00500436, -0.579967, 0
0.845, 0.00442439, -0.583194, 0
0.846, 0.00384119, -0.585834, 0
0.847, 0.00325536, -0.587886, 0
0.848, 0.00266747, -0.589352, 0
0.849, 0.00207812, -0.590232, 0
0.85, 0.00148789, -0.590529, 0
0.851, 0.000897361, -0.590245, 0
0.852, 0.000307116, -0.589383, 0
0.853, -0.000282267, -0.587947, 0
0.854, -0.000870215, -0.585942, 0
0.855, -0.00145616, -0.583372, 0
0.856, -0.00203953, -0.580242, 0
0.857, -0.00261977, -0.576558, 0
0.858, -0.00319633, -0.572325, 0
0.859, -0.00376865, -0.567552, 0
0.86, -0.00433621, -0.562244, 0
0.861, -0.00489845, -0.55641, 0
0.862, -0.00545486, -0.550057, 0
0.863, -0.00600492, -0.543193, 0
0.864, -0.00654811, -0.535827, 0
0.865, -0.00708394, -0.527967, 0
0.866, -0.0076119, -0.519624, 0
0.867, -0.00813153, -0.510807, 0
0.868, -0.00864233, -0.501525, 0
0.869, -0.00914386, -0.491789, 0
0.87, -0.00963565, -0.48161, 0
0.871, -0.0101173, -0.470998, 0
0.872, -0.0105883, -0.459964, 0
0.873, -0.0110482, -0.448519, 0
0.874, -0.0114967, -0.436674, 0
0.875, -0.0119334, -0.424443, 0
0.876, -0.0123579, -0.411835, 0
0.877, -0.0127697, -0.398864, 0
0.878, -0.0131686, -0.385542, 0
0.879, -0.0135541, -0.37188, 0
0.88, -0.013926, -0.357892, 0
0.881, -0.0142839, -0.34359, 0
0.882, -0.0146275, -0.328988, 0
0.883, -0.0149564, -0.314097, 0
0.884, -0.0152705, -0.298931, 0
0.885, -0.0155695, -0.283504, 0
0.886, -0.015853, -0.267829, 0
0.887, -0.0161208, -0.251918, 0
0.888, -0.0163727, -0.235786, 0
0.889, -0.0166085, -0.219447, 0
0.89, -0.016828, -0.202913, 0
0.891, -0.0170309, -0.186199, 0
0.892, -0.0172171, -0.169318, 0
0.893, -0.0173864, -0.152285, 0
0.894, -0.0175387, -0.135113, 0
0.895, -0.0176738, -0.117816, 0
0.896, -0.0177916, -0.100409, 0
0.897, -0.017892, -0.0829048, 0
0.898, -0.0179749, -0.0653184, 0
0.899, -0.0180402, -0.0476637, 0
0.9, -0.0180879, -0.0299548, 0
0.901, -0.0181179, -0.0122061, 0
0.902, -0.0181301, 0.00556825, 0
0.903, -0.0181245, 0.0233537, 0
0.904, -0.0181011, 0.0411311, 0
0.905, -0.01806, 0.0588798, 0
0.906, -0.0180011, 0.0765794, 0
0.907, -0.0179245, 0.0942092, 0
0.908, -0.0178303, 0.111749, 0
0.909, -0.0177186, 0.129178, 0
0.91, -0.0175894, 0.146476, 0
0.911, -0.0174429, 0.163624, 0
0.912, -0.0172793, 0.180602, 0
0.913, -0.0170987, 0.19739, 0
0.914, -0.0169013, 0.213969, 0
0.915, -0.0166874, 0.23032, 0
0.916, -0.016457, 0.246425, 0
0.917, -0.0162106, 0.262266, 0
0.918, -0.0159483, 0.277825, 0
0.919, -0.0156705, 0.293084, 0
0.92, -0.0153774, 0.308027, 0
0.921, -0.0150694, 0.322638, 0
0.922, -0.0147468, 0.336901, 0
0.923, -0.0144099, 0.3508, 0
0.924, -0.0140591, 0.364321, 0
0.925, -0.0136947, 0.377449, 0
0.926, -0.0133173, 0.390171, 0
0.927, -0.0129271, 0.402474, 0
0.928, -0.0125246, 0.414346, 0
0.929, -0.0121103, 0.425774, 0
0.93, -0.0116845, 0.436748, 0
0.931, -0.0112478, 0.447257, 0
0.932, -0.0108005, 0.457291, 0
0.933, -0.0103432, 0.46684, 0
0.934, -0.00987639, 0.475897, 0
0.935, -0.0094005, 0.484454, 0
0.936, -0.00891604, 0.492502, 0
0.937, -0.00842354, 0.500036, 0
0.938, -0.00792351, 0.507049, 0
0.939, -0.00741646, 0.513537, 0
0.94, -0.00690292, 0.519494, 0
0.941, -0.00638343, 0.524916, 0
0.942, -0.00585851, 0.5298, 0
0.943, -0.00532871, 0.534144, 0
0.944, -0.00479456, 0.537945, 0
0.945, -0.00425662, 0.541202, 0
0.946, -0.00371542, 0.543913, 0
0.947, -0.00317151, 0.546079, 0
0.948, -0.00262543, 0.547699, 0
0.949, -0.00207773, 0.548774, 0
0.95, -0.00152895, 0.549307, 0
0.951, -0.000979646, 0.549298, 0
0.952, -0.000430348, 0.548751, 0
0.953, 0.000118402, 0.547667, 0
0.954, 0.000666069, 0.546051, 0
0.955, 0.00121212, 0.543907, 0
0.956, 0.00175603, 0.541239, 0
0.957, 0.00229727, 0.538051, 0
0.958, 0.00283532, 0.53435, 0
0.959, 0.00336967, 0.530141, 0
0.96, 0.00389981, 0.52543, 0
0.961, 0.00442524, 0.520224, 0
0.962, 0.00494546, 0.51453, 0
0.963, 0.00545999, 0.508355, 0
0.964, 0.00596835, 0.501706, 0
0.965, 0.00647005, 0.494593, 0
0.966, 0.00696465, 0.487022, 0
0.967, 0.00745167, 0.479004, 0
0.968, 0.00793067, 0.470547, 0
0.969, 0.00840122, 0.46166, 0
0.97, 0.00886288, 0.452353, 0
0.971, 0.00931523, 0.442635, 0
0.972, 0.00975787, 0.432517, 0
0.973, 0.0101904, 0.422009, 0
0.974, 0.0106124, 0.411122, 0
0.975, 0.0110235, 0.399866, 0
0.976, 0.0114234, 0.388253, 0
0.977, 0.0118116, 0.376293, 0
0.978, 0.0121879, 0.363997, 0
0.979, 0.0125519, 0.351379, 0
0.98, 0.0129033, 0.338448, 0
0.981, 0.0132418, 0.325217, 0
0.982, 0.013567, 0.311698, 0
0.983, 0.0138787, 0.297903, 0
0.984, 0.0141766, 0.283844, 0
0.985, 0.0144604, 0.269534, 0
0.986, 0.0147299, 0.254985, 0
0.987, 0.0149849, 0.24021, 0
0.988, 0.0152251, 0.225221, 0
0.989, 0.0154504, 0.210032, 0
0.99, 0.0156604, 0.194655, 0
0.991, 0.0158551, 0.179102, 0
0.992, 0.0160342, 0.163388, 0
0.993, 0.0161975, 0.147525, 0
0.994, 0.0163451, 0.131527, 0
0.995, 0.0164766, 0.115405, 0
0.996, 0.016592, 0.0991754, 0
0.997, 0.0166912, 0.0828494, 0
0.998, 0.016774, 0.0664411, 0
0.999, 0.0168405, 0.0499637, 0
1, 0.0168904, 0.0334307, 0
