0, -0.1, 0, 0, -0.1, 0, 0, -0.1, 0, 0, 
0.05, -0.00317625, 2.84099, -0.000486643, -0.0452282, 1.93595, -5.95938e-05, 0.0272634, 1.65478, -9.13033e-08, 
0.1, 0.0791573, 0.112433, 0.000134269, 0.0553578, 1.71072, -3.25999e-05, 0.00428612, -1.13215, 7.79542e-08, 
0.15, 0.0101989, -2.16438, 0.000736837, 0.0926126, -0.314458, 6.9607e-05, -0.0116689, 0.387671, 2.63153e-08, 
0.2, -0.0631573, -0.3738, 0.000470295, 0.029873, -1.91746, 0.000156355, 0.00833341, 0.0418215, 6.82094e-08, 
0.25, -0.0140461, 1.79403, 0.000112929, -0.0616379, -1.41038, 0.000157449, -0.00324035, -0.165786, 1.04044e-07, 
0.3, 0.0522597, 0.489658, 0.000477399, -0.0837722, 0.566263, 9.66913e-05, -7.30351e-05, 0.131426, 1.13863e-07, 
0.35, 0.02077, -1.3719, 0.000995595, -0.0156732, 1.86741, 6.24973e-05, 0.00122703, -0.0572368, 1.48473e-07, 
0.4, -0.0384118, -0.63393, 0.000948998, 0.0664622, 1.12606, 0.000111495, -0.00106774, 0.00363801, 1.70381e-07, 
0.45, -0.0213508, 1.07335, 0.000679766, 0.0750618, -0.772042, 0.000209584, 0.000511826, 0.0174636, 1.94673e-07, 
0.5, 0.0321483, 0.717564, 0.00085901, 0.00416921, -1.77162, 0.00027215, -6.9932e-05, -0.0169959, 2.21431e-07, 
0.55, 0.0276223, -0.755537, 0.00130259, -0.0678031, -0.858469, 0.000255821, -0.000122942, 0.00890043, 2.45112e-07, 
0.6, -0.0180341, -0.760875, 0.00142249, -0.0648119, 0.929141, 0.000202323, 0.00013722, -0.00179004, 2.70658e-07, 
0.65, -0.0239446, 0.485583, 0.00124811, 0.00725072, 1.66337, 0.000191197, -7.72164e-05, -0.0016404, 2.95652e-07, 
0.7, 0.0147253, 0.779066, 0.00129035, 0.0693089, 0.610716, 0.000253952, 2.06635e-05, 0.00213263, 3.20461e-07, 
0.75, 0.0291942, -0.225661, 0.00163875, 0.0563347, -1.04428, 0.000342814, 1.11386e-05, -0.00131664, 3.45639e-07, 
0.8, -7.32953e-05, -0.720547, 0.00187711, -0.0149517, -1.52813, 0.000384332, -1.59862e-05, 0.000406779, 3.70553e-07, 
0.85, -0.0203066, 0.000316769, 0.00182262, -0.0671041, -0.388213, 0.000357994, 1.20216e-05, 0.000117958, 3.95569e-07, 
0.9, 0.000144177, 0.646048, 0.00178438, -0.0458929, 1.12492, 0.000315444, -3.14464e-06, -0.000252743, 4.2059e-07, 
0.95, 0.0242176, 0.192934, 0.00201178, 0.0237296, 1.39224, 0.00032368, 3.68414e-07, 0.000186561, 4.4557e-07, 
1, 0.0139146, -0.496678, 0.00230467, 0.0665599, 0.187987, 0.000393567, 2.87031e-06, -7.3138e-05, 4.70585e-07, 
1.05, -0.0101908, -0.326344, 0.00238663, 0.038656, -1.16975, 0.000470778, -5.5371e-07, -1.87993e-07, 4.95584e-07, 
1.1, -0.00876096, 0.33923, 0.00234248, -0.0279478, -1.24423, 0.0004953, 1.7255e-06, 2.92026e-05, 5.20585e-07, 
1.15, 0.0136499, 0.416061, 0.00244598, -0.0619438, -0.0147892, 0.000464756, 1.04071e-06, -2.39467e-05, 5.45591e-07, 
1.2, 0.0206693, -0.144477, 0.00271527, -0.0287302, 1.19323, 0.000434566, 9.3614e-07, 1.31296e-05, 5.70591e-07, 
1.25, 0.00370708, -0.416447, 0.00291518, 0.0345018, 1.10227, 0.000457968, 1.39419e-06, -7.85502e-07, 5.95595e-07, 
1.3, -0.00876798, -0.0273022, 0.00294232, 0.0603976, -0.13617, 0.000529998, 1.13355e-06, -1.83234e-06, 6.20598e-07, 
1.35, 0.00196028, 0.373782, 0.00296567, 0.0232356, -1.18864, 0.000595006, 1.31378e-06, 4.2028e-06, 6.45601e-07, 
1.4, 0.0179728, 0.184722, 0.00314596, -0.0357866, -0.958466, 0.000606673, 1.36029e-06, -8.45411e-07, 6.70605e-07, 
1.45, 0.0153857, -0.249589, 0.00339621, -0.0542695, 0.263099, 0.000576109, 1.36578e-06, 1.4888e-06, 6.95608e-07, 
1.5, 0.000208536, -0.268956, 0.00353672, -0.0141422, 1.17304, 0.000558164, 1.45713e-06, 1.23588e-06, 7.20611e-07, 
1.55, -0.0038796, 0.112066, 0.00356704, 0.0406744, 0.824236, 0.000592734, 1.48622e-06, 6.0913e-07, 7.45615e-07, 
1.6, 0.00848387, 0.305356, 0.00364919, 0.0525271, -0.369152, 0.000663477, 1.53992e-06, 1.26576e-06, 7.70619e-07, 
1.65, 0.0183956, 0.0499632, 0.00385807, 0.0105707, -1.13686, 0.000716936, 1.59426e-06, 9.04259e-07, 7.95623e-07, 
1.7, 0.012304, -0.245154, 0.00408194, -0.0396017, -0.694483, 0.000719507, 1.63902e-06, 9.89245e-07, 8.20627e-07, 
1.75, 0.000627252, -0.16114, 0.00419943, -0.0455413, 0.456169, 0.000691674, 1.69217e-06, 1.0451e-06, 8.45631e-07, 
1.8, 0.000652635, 0.150087, 0.00425143, -0.00237255, 1.09708, 0.000684933, 1.74127e-06, 9.63737e-07, 8.70635e-07, 
1.85, 0.0118137, 0.234692, 0.0043696, 0.0433801, 0.575774, 0.000727192, 1.79095e-06, 1.01652e-06, 8.9564e-07, 
1.9, 0.018097, -0.00449036, 0.00458484, 0.0441704, -0.524573, 0.000794516, 1.84159e-06, 9.98815e-07, 9.20644e-07, 
1.95, 0.0116489, -0.209768, 0.00479331, 0.000689647, -1.04331, 0.000837748, 1.89115e-06, 9.95439e-07, 9.45649e-07, 
2, 0.00266924, -0.106015, 0.0049106, -0.0404856, -0.464634, 0.000834375, 1.94133e-06, 1.00497e-06, 9.70654e-07, 
2.05, 0.00392257, 0.141454, 0.00498466, -0.036769, 0.579282, 0.000810873, 1.99135e-06, 9.9764e-07, 9.95659e-07, 
2.1, 0.0133811, 0.188631, 0.00512052, 0.00670098, 0.990901, 0.000813824, 2.04129e-06, 1.00076e-06, 1.02066e-06, 
2.15, 0.0181912, -0.0108498, 0.00533465, 0.0436509, 0.364947, 0.000860947, 2.09136e-06, 1.00065e-06, 1.04567e-06, 
2.2, 0.0127268, -0.172962, 0.00554012, 0.0361429, -0.61786, 0.000923726, 2.14134e-06, 9.99617e-07, 1.07067e-06, 
2.25, 0.00530586, -0.089222, 0.00566965, -0.00662734, -0.929722, 0.000958366, 2.19136e-06, 1.0006e-06, 1.09568e-06, 
2.3, 0.0061486, 0.113012, 0.00576201, -0.0393769, -0.27389, 0.000951548, 2.24137e-06, 1.0001e-06, 1.12069e-06, 
2.35, 0.0140225, 0.163711, 0.00590385, -0.0286037, 0.647554, 0.000933106, 2.29138e-06, 1.0002e-06, 1.14569e-06, 
2.4, 0.0187327, 0.00940748, 0.00611423, 0.0133636, 0.873023, 0.000944053, 2.34139e-06, 1.0003e-06, 1.1707e-06, 
2.45, 0.0148977, -0.138045, 0.00632523, 0.0423318, 0.19411, 0.000993847, 2.3914e-06, 1.00019e-06, 1.1957e-06, 
2.5, 0.00833362, -0.0939902, 0.00647459, 0.0289405, -0.663729, 0.00105169, 2.44142e-06, 1.00027e-06, 1.22071e-06, 
2.55, 0.00785295, 0.0729452, 0.00658363, -0.0117149, -0.811401, 0.00107945, 2.49143e-06, 1.00025e-06, 1.24571e-06, 
2.6, 0.0140966, 0.147257, 0.00672486, -0.0370261, -0.122546, 0.00107108, 2.54144e-06, 1.00025e-06, 1.27072e-06, 
2.65, 0.0193435, 0.0438265, 0.00692855, -0.0214058, 0.67514, 0.00105782, 2.59145e-06, 1.00027e-06, 1.29573e-06, 
2.7, 0.0176396, -0.0982256, 0.00714828, 0.017993, 0.756028, 0.00107509, 2.64147e-06, 1.00026e-06, 1.32073e-06, 
2.75, 0.01189, -0.104587, 0.00732295, 0.0400861, 0.0615318, 0.00112594, 2.69148e-06, 1.00027e-06, 1.34574e-06, 
2.8, 0.00967001, 0.0231432, 0.00745156, 0.0228017, -0.675549, 0.00117896, 2.74149e-06, 1.00027e-06, 1.37075e-06, 
2.85, 0.0138525, 0.124385, 0.00759056, -0.0149752, -0.698304, 0.00120143, 2.79151e-06, 1.00028e-06, 1.39575e-06, 
2.9, 0.0195273, 0.0809894, 0.00778301, -0.0340108, -0.00743533, 0.00119287, 2.84152e-06, 1.00028e-06, 1.42076e-06, 
2.95, 0.0203469, -0.0463737, 0.00800842, -0.0153175, 0.674434, 0.00118451, 2.89154e-06, 1.00029e-06, 1.44577e-06, 
3, 0.0160475, -0.104263, 0.00821094, 0.021, 0.647682, 0.00120659, 2.94155e-06, 1.00029e-06, 1.47078e-06, 
3.05, 0.0122984, -0.0306103, 0.00836639, 0.0374091, -0.037085, 0.00125739, 2.99157e-06, 1.0003e-06, 1.49578e-06, 
3.1, 0.0137921, 0.0825557, 0.00850822, 0.0177904, -0.664499, 0.00130598, 3.04158e-06, 1.0003e-06, 1.52079e-06, 
3.15, 0.0189757, 0.104428, 0.00868584, -0.0168086, -0.59626, 0.00132458, 3.0916e-06, 1.00031e-06, 1.5458e-06, 
3.2, 0.0222191, 0.0160965, 0.00890763, -0.0307491, 0.0763026, 0.00131673, 3.14161e-06, 1.00031e-06, 1.57081e-06, 
3.25, 0.0204146, -0.0769965, 0.00913394, -0.0103446, 0.65541, 0.00131278, 3.19163e-06, 1.00032e-06, 1.59581e-06, 
3.3, 0.0162465, -0.0717723, 0.00932422, 0.0227657, 0.552224, 0.00133837, 3.24164e-06, 1.00032e-06, 1.62082e-06, 
3.35, 0.0148412, 0.0202749, 0.00948185, 0.034647, -0.106942, 0.00138839, 3.29166e-06, 1.00033e-06, 1.64583e-06, 
3.4, 0.018024, 0.0942525, 0.00964797, 0.0138683, -0.639249, 0.00143314, 3.34168e-06, 1.00033e-06, 1.67084e-06, 
3.45, 0.0225482, 0.0713227, 0.00985467, -0.0175676, -0.508191, 0.00144906, 3.39169e-06, 1.00034e-06, 1.69585e-06, 
3.5, 0.0239132, -0.0181917, 0.0100908, -0.0275235, 0.133896, 0.00144246, 3.44171e-06, 1.00034e-06, 1.72086e-06, 
3.55, 0.0212452, -0.0754997, 0.0103165, -0.00641645, 0.625586, 0.00144231, 3.49173e-06, 1.00035e-06, 1.74586e-06, 
3.6, 0.017976, -0.0422728, 0.0105068, 0.0236131, 0.471473, 0.00147032, 3.54175e-06, 1.00035e-06, 1.77087e-06, 
3.65, 0.0179802, 0.0420065, 0.0106773, 0.0320249, -0.153226, 0.00151916, 3.59176e-06, 1.00036e-06, 1.79588e-06, 
3.7, 0.0215344, 0.0875405, 0.0108657, 0.0109401, -0.606187, 0.00156069, 3.64178e-06, 1.00036e-06, 1.82089e-06, 
3.75, 0.0252454, 0.049761, 0.0110917, -0.0175439, -0.43502, 0.00157491, 3.6918e-06, 1.00037e-06, 1.8459e-06, 
3.8, 0.0257473, -0.0282072, 0.0113375, -0.0245098, 0.170348, 0.00156988, 3.74182e-06, 1.00037e-06, 1.87091e-06, 
3.85, 0.0231069, -0.0656168, 0.0115684, -0.00342072, 0.59037, 0.00157288, 3.79184e-06, 1.00038e-06, 1.89592e-06, 
3.9, 0.0205391, -0.0273055, 0.0117682, 0.0238039, 0.405607, 0.00160244, 3.84186e-06, 1.00038e-06, 1.92093e-06, 
3.95, 0.0210237, 0.0449991, 0.0119546, 0.029675, -0.180695, 0.0016499, 3.89188e-06, 1.00039e-06, 1.94594e-06, 
4, 0.0243856, 0.0786178, 0.01216, 0.00888365, -0.569771, 0.00168885, 3.9419e-06, 1.00039e-06, 1.97095e-06, 
4.05, 0.027646, 0.0428603, 0.012399, -0.0169681, -0.376374, 0.00170213, 3.99192e-06, 1.0004e-06, 1.99596e-06, 
4.1, 0.0280816, -0.0240113, 0.012655, -0.0218039, 0.190082, 0.00169879, 4.04194e-06, 1.0004e-06, 2.02097e-06, 
4.15, 0.0258268, -0.056394, 0.0128978, -0.00123084, 0.553411, 0.00170432, 4.09196e-06, 1.00041e-06, 2.04598e-06, 
4.2, 0.0235723, -0.0253375, 0.0131133, 0.0235388, 0.35381, 0.00173475, 4.14198e-06, 1.00041e-06, 2.07099e-06, 
4.25, 0.0238794, 0.0369455, 0.013316, 0.0276616, -0.193407, 0.00178077, 4.192e-06, 1.00042e-06, 2.096e-06, 
4.3, 0.0267937, 0.0709545, 0.013534, 0.00757238, -0.532899, 0.00181775, 4.24202e-06, 1.00042e-06, 2.12101e-06, 
4.35, 0.0299406, 0.0467017, 0.0137822, -0.0160122, -0.331135, 0.00183071, 4.29204e-06, 1.00043e-06, 2.14602e-06, 
4.4, 0.0308516, -0.0105752, 0.0140493, -0.0194444, 0.196771, 0.00182906, 4.34206e-06, 1.00043e-06, 2.17103e-06, 
4.45, 0.0292225, -0.0471969, 0.0143092, 0.000277306, 0.516966, 0.00183655, 4.39208e-06, 1.00044e-06, 2.19604e-06, 
4.5, 0.0270609, -0.0312073, 0.0145455, 0.0229636, 0.314725, 0.0018673, 4.44211e-06, 1.00044e-06, 2.22105e-06, 
4.55, 0.0267595, 0.0207192, 0.0147659, 0.0260015, -0.194644, 0.00191192, 4.49213e-06, 1.00045e-06, 2.24606e-06, 
4.6, 0.0289537, 0.0610917, 0.0149942, 0.00688721, -0.497254, 0.00194746, 4.54215e-06, 1.00045e-06, 2.27108e-06, 
4.65, 0.0320552, 0.055111, 0.0152485, -0.0147979, -0.297803, 0.00196058, 4.59217e-06, 1.00046e-06, 2.29609e-06, 
4.7, 0.0337619, 0.0102908, 0.0155256, -0.0174302, 0.193325, 0.00196056, 4.6422e-06, 1.00046e-06, 2.3211e-06, 
4.75, 0.0330908, -0.0328471, 0.0158048, 0.00121682, 0.482236, 0.00196951, 4.69222e-06, 1.00047e-06, 2.34611e-06, 
4.8, 0.0311461, -0.037542, 0.0160666, 0.022178, 0.286744, 0.00200017, 4.74224e-06, 1.00047e-06, 2.37112e-06, 
4.85, 0.0300655, -0.00154179, 0.0163093, 0.024679, -0.186953, 0.00204345, 4.79227e-06, 1.00048e-06, 2.39613e-06, 
4.9, 0.0311678, 0.0432482, 0.0165494, 0.00672213, -0.463612, 0.00207802, 4.84229e-06, 1.00048e-06, 2.42115e-06, 
4.95, 0.0338959, 0.0592758, 0.0168075, -0.0134049, -0.274721, 0.00209169, 4.89232e-06, 1.00049e-06, 2.44616e-06, 
5, 0.0363754, 0.0347354, 0.0170904, -0.015734, 0.181964, 0.00209322, 4.94234e-06, 1.00049e-06, 2.47117e-06, 
5.05, 0.0370252, -0.00837012, 0.0173868, 0.00168667, 0.449643, 0.00210319, 4.99236e-06, 1.0005e-06, 2.49618e-06, 
5.1, 0.0358266, -0.0342687, 0.0176766, 0.0212443, 0.268179, 0.00213341, 5.04239e-06, 1.0005e-06, 2.52119e-06, 
5.15, 0.0342529, -0.0229334, 0.0179483, 0.0236572, -0.172248, 0.00217545, 5.09242e-06, 1.00051e-06, 2.54621e-06, 
5.2, 0.0340152, 0.015071, 0.0182073, 0.00698546, -0.432092, 0.00220946, 5.14244e-06, 1.00051e-06, 2.57122e-06, 
5.25, 0.0356994, 0.0487575, 0.0184713, -0.0118806, -0.260205, 0.00222397, 5.19247e-06, 1.00052e-06, 2.59623e-06, 
5.3, 0.0383632, 0.0520933, 0.0187554, -0.0143112, 0.164331, 0.00222696, 5.24249e-06, 1.00052e-06, 2.62125e-06, 
5.35, 0.040348, 0.0239408, 0.0190611, 0.00177189, 0.41905, 0.0022376, 5.29252e-06, 1.00053e-06, 2.64626e-06, 
5.4, 0.0405956, -0.0126281, 0.0193751, 0.0201965, 0.257352, 0.00226711, 5.34255e-06, 1.00053e-06, 2.67127e-06, 
5.45, 0.0394231, -0.0294142, 0.0196804, 0.0228851, -0.151926, 0.00230799, 5.39257e-06, 1.00054e-06, 2.69629e-06, 
5.5, 0.0382105, -0.0145908, 0.0199697, 0.00759847, -0.402346, 0.00234176, 5.4426e-06, 1.00054e-06, 2.7213e-06, 
5.55, 0.0383132, 0.0195279, 0.0202498, -0.0102475, -0.252596, 0.00235736, 5.49263e-06, 1.00055e-06, 2.74631e-06, 
5.6, 0.040058, 0.0470011, 0.0205367, -0.0131061, 0.141623, 0.00236175, 5.54265e-06, 1.00055e-06, 2.77133e-06, 
5.65, 0.0425538, 0.048065, 0.0208429, 0.00154586, 0.389933, 0.00237275, 5.59268e-06, 1.00056e-06, 2.79634e-06, 
5.7, 0.0444038, 0.0231837, 0.0211687, 0.0190478, 0.252623, 0.00240134, 5.64271e-06, 1.00056e-06, 2.82136e-06, 
5.75, 0.0447419, -0.00853291, 0.0215023, 0.022303, -0.127006, 0.00244111, 5.69274e-06, 1.00057e-06, 2.84637e-06, 
5.8, 0.0438255, -0.024127, 0.0218291, 0.00849248, -0.373708, 0.0024749, 5.74277e-06, 1.00057e-06, 2.87138e-06, 
5.85, 0.042794, -0.013209, 0.0221418, -0.00851108, -0.250277, 0.00249179, 5.7928e-06, 1.00058e-06, 2.8964e-06, 
5.9, 0.0428247, 0.0155642, 0.0224458, -0.0120555, 0.114721, 0.00249755, 5.84283e-06, 1.00058e-06, 2.92141e-06, 
5.95, 0.0443114, 0.0415989, 0.0227545, 0.00107367, 0.361513, 0.00250869, 5.89285e-06, 1.00059e-06, 2.94643e-06, 
6, 0.0466312, 0.0472021, 0.0230799, 0.0177972, 0.252388, 0.00253617, 5.94288e-06, 1.00059e-06, 2.97144e-06, 
6.05, 0.0486212, 0.0295118, 0.0234244, 0.0218453, -0.0982576, 0.00257484, 5.99291e-06, 1.0006e-06, 2.99646e-06, 
6.1, 0.0493951, 0.00154177, 0.0237795, 0.00960521, -0.345316, 0.00260885, 6.04294e-06, 1.0006e-06, 3.02147e-06, 
6.15, 0.0489244, -0.0175097, 0.0241323, -0.00666592, -0.251657, 0.0026272, 6.09297e-06, 1.00061e-06, 3.04649e-06, 
6.2, 0.0480134, -0.0153323, 0.0244738, -0.0110916, 0.0843166, 0.00263434, 6.143e-06, 1.00061e-06, 3.0715e-06, 
6.25, 0.0477274, 0.00585503, 0.0248052, 0.000415981, 0.332866, 0.00264548, 6.19304e-06, 1.00062e-06, 3.09652e-06, 
6.3, 0.0486854, 0.0316029, 0.0251366, 0.0164363, 0.25506, 0.00267168, 6.24307e-06, 1.00062e-06, 3.12153e-06, 
6.35, 0.050681, 0.0452261, 0.0254798, 0.0214426, -0.0663196, 0.00270922, 6.2931e-06, 1.00063e-06, 3.14655e-06, 
6.4, 0.052855, 0.0386159, 0.0258412, 0.0108768, -0.316206, 0.00274355, 6.34313e-06, 1.00063e-06, 3.17156e-06, 
6.45, 0.0542745, 0.0168872, 0.0262175, -0.00470171, -0.255147, 0.00276353, 6.39316e-06, 1.00064e-06, 3.19658e-06, 
6.5, 0.054524, -0.00563459, 0.0265983, -0.0101439, 0.0510324, 0.00277209, 6.44319e-06, 1.00064e-06, 3.2216e-06, 
6.55, 0.053939, -0.0148663, 0.0269731, -0.000367063, 0.303009, 0.00278315, 6.49323e-06, 1.00065e-06, 3.24661e-06, 
6.6, 0.0533604, -0.00559596, 0.0273376, 0.0149543, 0.25904, 0.00280794, 6.54326e-06, 1.00065e-06, 3.27163e-06, 
6.65, 0.0535962, 0.0158755, 0.0276963, 0.0210235, -0.0318196, 0.00284429, 6.59329e-06, 1.00066e-06, 3.29665e-06, 
6.7, 0.0549329, 0.0361927, 0.0280594, 0.012246, -0.285406, 0.00287898, 6.64332e-06, 1.00066e-06, 3.32166e-06, 
6.75, 0.0569889, 0.0433376, 0.0284363, -0.00260877, -0.259139, 0.00290069, 6.69336e-06, 1.00067e-06, 3.34668e-06, 
6.8, 0.0589738, 0.0337027, 0.0288302, -0.00914088, 0.0155316, 0.00291079, 6.74339e-06, 1.00067e-06, 3.3717e-06, 
6.85, 0.0601755, 0.0137235, 0.0292364, -0.00121229, 0.270997, 0.00292175, 6.79343e-06, 1.00068e-06, 3.39671e-06, 
6.9, 0.0603728, -0.00447509, 0.0296455, 0.0133438, 0.262704, 0.00294503, 6.84346e-06, 1.00068e-06, 3.42173e-06, 
6.95, 0.0599389, -0.0104047, 0.0300488, 0.020517, 0.00452283, 0.00298006, 6.89349e-06, 1.00069e-06, 3.44675e-06, 
7, 0.059598, -0.00109132, 0.0304436, 0.0136472, -0.25202, 0.0030151, 6.94353e-06, 1.00069e-06, 3.47176e-06, 
7.05, 0.0599975, 0.0176866, 0.0308344, -0.0003834, -0.261994, 0.00303864, 6.99356e-06, 1.0007e-06, 3.49678e-06, 
7.1, 0.0613472, 0.0351284, 0.0312301, -0.00801253, -0.0213817, 0.00305039, 7.0436e-06, 1.0007e-06, 3.5218e-06, 
7.15, 0.0633236, 0.041696, 0.0316389, -0.00205053, 0.236013, 0.00306134, 7.09363e-06, 1.00071e-06, 3.54682e-06, 
7.2, 0.065274, 0.0343057, 0.0320637, 0.0116063, 0.264396, 0.00308304, 7.14367e-06, 1.00071e-06, 3.57183e-06, 
7.25, 0.0665906, 0.0176393, 0.0325009, 0.0198549, 0.0417964, 0.00311661, 7.19371e-06, 1.00072e-06, 3.59685e-06, 
7.3, 0.0670378, 0.00115028, 0.0329425, 0.015007, -0.215337, 0.00315187, 7.24374e-06, 1.00072e-06, 3.62187e-06, 
7.35, 0.0668607, -0.00627512, 0.0333806, 0.00196626, -0.262049, 0.00317728, 7.29378e-06, 1.00073e-06, 3.64689e-06, 
7.4, 0.0666309, -0.000982176, 0.0338119, -0.00669359, -0.0586639, 0.00319087, 7.34381e-06, 1.00073e-06, 3.67191e-06, 
7.45, 0.0669297, 0.0138433, 0.0342388, -0.0028041, 0.19748, 0.00320195, 7.39385e-06, 1.00074e-06, 3.69693e-06, 
7.5, 0.0680448, 0.0302175, 0.0346685, 0.00975804, 0.262451, 0.00322205, 7.44389e-06, 1.00074e-06, 3.72194e-06, 
7.55, 0.0698349, 0.0397416, 0.0351087, 0.018976, 0.0788147, 0.00325397, 7.49393e-06, 1.00075e-06, 3.74696e-06, 
7.6, 0.0718229, 0.0379208, 0.0355637, 0.0162439, -0.174936, 0.00328928, 7.54396e-06, 1.00075e-06, 3.77198e-06, 
7.65, 0.0734546, 0.0262203, 0.0360326, 0.00441507, -0.257656, 0.00331655, 7.594e-06, 1.00076e-06, 3.797e-06, 
7.7, 0.0743814, 0.0109806, 0.0365097, -0.00512822, -0.0949795, 0.00333215, 7.64404e-06, 1.00076e-06, 3.82202e-06, 
7.75, 0.074624, -1.8473e-05, 0.0369877, -0.00338752, 0.155164, 0.00334359, 7.69408e-06, 1.00077e-06, 3.84704e-06, 
7.8, 0.074544, -0.00146081, 0.0374613, 0.00783398, 0.255261, 0.00336215, 7.74412e-06, 1.00077e-06, 3.87206e-06, 
7.85, 0.074651, 0.00706852, 0.03793, 0.0178313, 0.11409, 0.00339223, 7.79415e-06, 1.00078e-06, 3.89708e-06, 
7.9, 0.0753488, 0.0211645, 0.0383977, 0.0172691, -0.130796, 0.00342733, 7.84419e-06, 1.00078e-06, 3.9221e-06, 
7.95, 0.0767471, 0.0339758, 0.0388714, 0.00691729, -0.24728, 0.00345636, 7.89423e-06, 1.00079e-06, 3.94712e-06, 
8, 0.0786232, 0.0395874, 0.0393569, -0.0032758, -0.128689, 0.00347418, 7.94427e-06, 1.00079e-06, 3.97214e-06, 
8.05, 0.0805426, 0.0357469, 0.0398568, -0.0037098, 0.109291, 0.00348627, 7.99431e-06, 1.0008e-06, 3.99716e-06, 
8.1, 0.0820723, 0.0247031, 0.0403692, 0.00589163, 0.241386, 0.00350341, 8.04435e-06, 1.0008e-06, 4.02218e-06, 
8.15, 0.082981, 0.0119065, 0.0408887, 0.0163903, 0.145829, 0.00353149, 8.09439e-06, 1.00081e-06, 4.0472e-06, 
8.2, 0.0833346, 0.0033371, 0.0414091, 0.0179902, -0.0834183, 0.00356604, 8.14443e-06, 1.00081e-06, 4.07222e-06, 
8.25, 0.0834524, 0.00277824, 0.0419264, 0.00940267, -0.229612, 0.00359667, 8.19447e-06, 1.00082e-06, 4.09724e-06, 
8.3, 0.0837515, 0.0102571, 0.0424403, -0.00111827, -0.157853, 0.00361685, 8.24452e-06, 1.00082e-06, 4.12226e-06, 
8.35, 0.0845571, 0.0222469, 0.0429544, -0.00367796, 0.060682, 0.00362995, 8.29456e-06, 1.00083e-06, 4.14728e-06, 
8.4, 0.0859634, 0.033413, 0.0434744, 0.0040152, 0.219692, 0.00364591, 8.3446e-06, 1.00083e-06, 4.1723e-06, 
8.45, 0.0878037, 0.0390338, 0.0440056, 0.0146496, 0.17195, 0.00367185, 8.39464e-06, 1.00084e-06, 4.19732e-06, 
8.5, 0.089735, 0.0370024, 0.0445506, 0.0183157, -0.0339652, 0.00370548, 8.44468e-06, 1.00084e-06, 4.22234e-06, 
8.55, 0.0913932, 0.028578, 0.0451083, 0.0117733, -0.203743, 0.00373742, 8.49472e-06, 1.00085e-06, 4.24736e-06, 
8.6, 0.0925487, 0.017657, 0.0456746, 0.00133092, -0.180279, 0.00376005, 8.54477e-06, 1.00085e-06, 4.27238e-06, 
8.65, 0.0931966, 0.0089886, 0.0462441, -0.00320501, 0.0108498, 0.00377456, 8.59481e-06, 1.00086e-06, 4.29741e-06, 
8.7, 0.0935475, 0.00615898, 0.0468126, 0.0023153, 0.189549, 0.00378967, 8.64485e-06, 1.00086e-06, 4.32243e-06, 
8.75, 0.0939306, 0.0101903, 0.0473789, 0.012641, 0.190197, 0.00381342, 8.6949e-06, 1.00087e-06, 4.34745e-06, 
8.8, 0.0946541, 0.0192731, 0.0479448, 0.0181661, 0.015715, 0.00384572, 8.74494e-06, 1.00087e-06, 4.37247e-06, 
8.85, 0.0958812, 0.0296542, 0.0485148, 0.013908, -0.16937, 0.00387859, 8.79498e-06, 1.00088e-06, 4.39749e-06, 
8.9, 0.0975723, 0.0372426, 0.0490937, 0.00402028, -0.193723, 0.00390369, 8.84503e-06, 1.00088e-06, 4.42251e-06, 
8.95, 0.0995099, 0.0392464, 0.0496851, -0.0022224, -0.0380224, 0.00392002, 8.89507e-06, 1.00089e-06, 4.44754e-06, 
9, 0.101393, 0.0351942, 0.05029, 0.000921945, 0.151041, 0.00393472, 8.94512e-06, 1.00089e-06, 4.47256e-06, 
9.05, 0.102957, 0.0269843, 0.0509061, 0.0104372, 0.198386, 0.00395634, 8.99516e-06, 1.0009e-06, 4.49758e-06, 
9.1, 0.104077, 0.0180178, 0.0515294, 0.017487, 0.0631118, 0.00398691, 9.04521e-06, 1.0009e-06, 4.5226e-06, 
9.15, 0.104806, 0.0118175, 0.0521557, 0.0156701, -0.127009, 0.00402022, 9.09525e-06, 1.00091e-06, 4.54763e-06, 
9.2, 0.105346, 0.0106964, 0.0527818, 0.00685488, -0.196139, 0.00404766, 9.1453e-06, 1.00091e-06, 4.57265e-06, 
9.25, 0.105968, 0.0149663, 0.0534072, -0.000693405, -0.0831207, 0.00406618, 9.19534e-06, 1.00092e-06, 4.59767e-06, 
9.3, 0.106907, 0.0229374, 0.0540341, -2.42346e-05, 0.105174, 0.00408101, 9.24539e-06, 1.00092e-06, 4.6227e-06, 
9.35, 0.108275, 0.0316491, 0.0546661, 0.0081559, 0.194686, 0.00410069, 9.29544e-06, 1.00093e-06, 4.64772e-06, 
9.4, 0.110032, 0.0380147, 0.0553076, 0.0162627, 0.105153, 0.0041292, 9.34548e-06, 1.00093e-06, 4.67274e-06, 
9.45, 0.112001, 0.0399375, 0.0559613, 0.0169193, -0.0781788, 0.00416237, 9.39553e-06, 1.00094e-06, 4.69777e-06, 
9.5, 0.113942, 0.0370015, 0.0566282, 0.00969532, -0.186004, 0.00419187, 9.44558e-06, 1.00094e-06, 4.72279e-06, 
9.55, 0.11564, 0.0305219, 0.0573067, 0.00137274, -0.121184, 0.00421289, 9.49562e-06, 1.00095e-06, 4.74781e-06, 
9.6, 0.116976, 0.0229851, 0.0579936, -0.000387629, 0.0540212, 0.00422846, 9.54567e-06, 1.00095e-06, 4.77284e-06, 
9.65, 0.117967, 0.0171223, 0.0586852, 0.00595785, 0.177965, 0.00424656, 9.59572e-06, 1.00096e-06, 4.79786e-06, 
9.7, 0.118751, 0.0149609, 0.0593785, 0.0145308, 0.138441, 0.00427276, 9.64577e-06, 1.00096e-06, 4.82288e-06, 
9.75, 0.119538, 0.0171802, 0.0600726, 0.0175288, -0.0255306, 0.00430517, 9.69582e-06, 1.00097e-06, 4.84791e-06, 
9.8, 0.12053, 0.0229605, 0.0607685, 0.0123606, -0.162676, 0.0043363, 9.74586e-06, 1.00097e-06, 4.87293e-06, 
9.85, 0.121862, 0.0303411, 0.061469, 0.00390656, -0.14876, 0.00435997, 9.79591e-06, 1.00098e-06, 4.89796e-06, 
9.9, 0.123551, 0.0369293, 0.0621776, -5.60951e-05, 0.000823036, 0.00437691, 9.84596e-06, 1.00098e-06, 4.92298e-06, 
9.95, 0.125507, 0.0407058, 0.0628973, 0.00404135, 0.148173, 0.00439396, 9.89601e-06, 1.00099e-06, 4.94801e-06, 
10, 0.127557, 0.0406563, 0.06363, 0.012395, 0.159568, 0.00441779, 9.94606e-06, 1.00099e-06, 4.97303e-06, 
