0, -0.1, 0, 0
0.0005, -0.1, 0.04905, 0
0.001, -0.0999755, 0.0981, 0
0.0015, -0.0999264, 0.147138, 0
0.002, -0.0998529, 0.196152, 0
0.0025, -0.0997548, 0.24513, 0
0.003, -0.0996322, 0.294059, 0
0.0035, -0.0994852, 0.342929, 0
0.004, -0.0993137, 0.391727, 0
0.0045, -0.0991179, 0.44044, 0
0.005, -0.0988976, 0.489057, 0
0.0055, -0.0986531, 0.537566, 0
0.006, -0.0983843, 0.585956, 0
0.0065, -0.0980913, 0.634213, 0
0.007, -0.0977742, 0.682327, 0
0.0075, -0.0974331, 0.730285, 0
0.008, -0.0970679, 0.778076, 0
0.0085, -0.0966789, 0.825688, 0
0.009, -0.0962661, 0.873109, 0
0.0095, -0.0958295, 0.920328, 0
0.01, -0.0953693, 0.967332, 0
0.0105, -0.0948857, 1.01411, 0
0.011, -0.0943786, 1.06065, 0
0.0115, -0.0938483, 1.10694, 0
0.012, -0.0932948, 1.15298, 0
0.0125, -0.0927183, 1.19874, 0
0.013, -0.092119, 1.24422, 0
0.0135, -0.0914968, 1.2894, 0
0.014, -0.0908521, 1.33428, 0
0.0145, -0.090185, 1.37884, 0
0.015, -0.0894956, 1.42308, 0
0.0155, -0.088784, 1.46698, 0
0.016, -0.0880506, 1.51053, 0
0.0165, -0.0872953, 1.55371, 0
0.017, -0.0865184, 1.59653, 0
0.0175, -0.0857202, 1.63897, 0
0.018, -0.0849007, 1.68102, 0
0.0185, -0.0840602, 1.72266, 0
0.019, -0.0831988, 1.76389, 0
0.0195, -0.0823169, 1.8047, 0
0.02, -0.0814146, 1.84508, 0
0.0205, -0.080492, 1.88501, 0
0.021, -0.0795495, 1.92449, 0
0.0215, -0.0785873, 1.96351, 0
0.022, -0.0776055, 2.00206, 0
0.0225, -0.0766045, 2.04012, 0
0.023, -0.0755844, 2.0777, 0
0.0235, -0.0745456, 2.11477, 0
0.024, -0.0734882, 2.15134, 0
0.0245, -0.0724125, 2.18738, 0
0.025, -0.0713188, 2.2229, 0
0.0255, -0.0702074, 2.25788, 0
0.026, -0.0690784, 2.29232, 0
0.0265, -0.0679323, 2.3262, 0
0.027, -0.0667692, 2.35952, 0
0.0275, -0.0655894, 2.39227, 0
0.028, -0.0643933, 2.42444, 0
0.0285, -0.0631811, 2.45603, 0
0.029, -0.061953, 2.48702, 0
0.0295, -0.0607095, 2.51741, 0
0.03, -0.0594508, 2.54719, 0
0.0305, -0.0581772, 2.57635, 0
0.031, -0.0568891, 2.60488, 0
0.0315, -0.0555866, 2.63279, 0
0.032, -0.0542702, 2.66005, 0
0.0325, -0.0529402, 2.68667, 0
0.033, -0.0515969, 2.71264, 0
0.0335, -0.0502405, 2.73795, 0
0.034, -0.0488716, 2.76259, 0
0.0345, -0.0474903, 2.78656, 0
0.035, -0.046097, 2.80986, 0
0.0355, -0.0446921, 2.83247, 0
0.036, -0.0432758, 2.85439, 0
0.0365, -0.0418486, 2.87561, 0
0.037, -0.0404108, 2.89614, 0
0.0375, -0.0389628, 2.91596, 0
0.038, -0.0375048, 2.93507, 0
0.0385, -0.0360372, 2.95347, 0
0.039, -0.0345605, 2.97115, 0
0.0395, -0.0330749, 2.9881, 0
0.04, -0.0315809, 3.00432, 0
0.0405, -0.0300787, 3.01981, 0
0.041, -0.0285688, 3.03457, 0
0.0415, -0.0270515, 3.04858, 0
0.042, -0.0255272, 3.06185, 0
0.0425, -0.0239963, 3.07437, 0
0.043, -0.0224591, 3.08614, 0
0.0435, -0.0209161, 3.09715, 0
0.044, -0.0193675, 3.10741, 0
0.0445, -0.0178138, 3.11691, 0
0.045, -0.0162553, 3.12565, 0
0.0455, -0.0146925, 3.13362, 0
0.046, -0.0131257, 3.14083, 0
0.0465, -0.0115553, 3.14727, 0
0.047, -0.00998164, 3.15294, 0
0.0475, -0.00840517, 3.15783, 0
0.048, -0.00682626, 3.16196, 0
0.0485, -0.00524528, 3.1653, 0
0.049, -0.00366263, 3.16788, 0
0.0495, -0.00207869, 3.16967, 0
0.05, -0.000493852, 3.17069, 0
0.0505, 0.00109149, 3.17094, 0
0.051, 0.00267696, 3.1704, 0
0.0515, 0.00426216, 3.16909, 0
0.052, 0.00584671, 3.167, 0
0.0525, 0.0074302, 3.16413, 0
0.053, 0.00901227, 3.16048, 0
0.0535, 0.0105925, 3.15606, 0
0.054, 0.0121705, 3.15087, 0
0.0545, 0.013746, 3.1449, 0
0.055, 0.0153184, 3.13816, 0
0.0555, 0.0168875, 3.13064, 0
0.056, 0.0184528, 3.12236, 0
0.0565, 0.020014, 3.11331, 0
0.057, 0.0215707, 3.10349, 0
0.0575, 0.0231224, 3.09291, 0
0.058, 0.0246689, 3.08157, 0
0.0585, 0.0262096, 3.06947, 0
0.059, 0.0277444, 3.05661, 0
0.0595, 0.0292727, 3.043, 0
0.06, 0.0307942, 3.02865, 0
0.0605, 0.0323085, 3.01354, 0
0.061, 0.0338153, 2.99769, 0
0.0615, 0.0353141, 2.98111, 0
0.062, 0.0368047, 2.96379, 0
0.0625, 0.0382866, 2.94573, 0
0.063, 0.0397594, 2.92695, 0
0.0635, 0.0412229, 2.90745, 0
0.064, 0.0426766, 2.88723, 0
0.0645, 0.0441203, 2.8663, 0
0.065, 0.0455534, 2.84466, 0
0.0655, 0.0469757, 2.82231, 0
0.066, 0.0483869, 2.79927, 0
0.0665, 0.0497865, 2.77554, 0
0.067, 0.0511743, 2.75112, 0
0.0675, 0.0525499, 2.72602, 0
0.068, 0.0539129, 2.70024, 0
0.0685, 0.055263, 2.6738, 0
0.069, 0.0565999, 2.64669, 0
0.0695, 0.0579232, 2.61893, 0
0.07, 0.0592327, 2.59052, 0
0.0705, 0.060528, 2.56146, 0
0.071, 0.0618087, 2.53178, 0
0.0715, 0.0630746, 2.50146, 0
0.072, 0.0643253, 2.47052, 0
0.0725, 0.0655606, 2.43897, 0
0.073, 0.0667801, 2.40681, 0
0.0735, 0.0679835, 2.37406, 0
0.074, 0.0691705, 2.34071, 0
0.0745, 0.0703408, 2.30678, 0
0.075, 0.0714942, 2.27228, 0
0.0755, 0.0726304, 2.23721, 0
0.076, 0.073749, 2.20159, 0
0.0765, 0.0748498, 2.16541, 0
0.077, 0.0759325, 2.1287, 0
0.0775, 0.0769968, 2.09145, 0
0.078, 0.0780425, 2.05369, 0
0.0785, 0.0790694, 2.01541, 0
0.079, 0.0800771, 1.97662, 0
0.0795, 0.0810654, 1.93735, 0
0.08, 0.0820341, 1.89758, 0
0.0805, 0.0829829, 1.85734, 0
0.081, 0.0839115, 1.81664, 0
0.0815, 0.0848199, 1.77548, 0
0.082, 0.0857076, 1.73388, 0
0.0825, 0.0865745, 1.69184, 0
0.083, 0.0874205, 1.64937, 0
0.0835, 0.0882452, 1.60649, 0
0.084, 0.0890484, 1.56321, 0
0.0845, 0.08983, 1.51953, 0
0.085, 0.0905898, 1.47547, 0
0.0855, 0.0913275, 1.43104, 0
0.086, 0.092043, 1.38624, 0
0.0865, 0.0927361, 1.34109, 0
0.087, 0.0934067, 1.29561, 0
0.0875, 0.0940545, 1.24979, 0
0.088, 0.0946794, 1.20366, 0
0.0885, 0.0952812, 1.15722, 0
0.089, 0.0958598, 1.11048, 0
0.0895, 0.0964151, 1.06346, 0
0.09, 0.0969468, 1.01617, 0
0.0905, 0.0974549, 0.968618, 0
0.091, 0.0979392, 0.920816, 0
0.0915, 0.0983996, 0.872777, 0
0.092, 0.098836, 0.824512, 0
0.0925, 0.0992482, 0.776033, 0
0.093, 0.0996363, 0.727351, 0
0.0935, 0.0999999, 0.67848, 0
0.094, 0.100339, 0.62943, 0
0.0945, 0.100654, 0.580213, 0
0.095, 0.100944, 0.530843, 0
0.0955, 0.101209, 0.48133, 0
0.096, 0.10145, 0.431686, 0
0.0965, 0.101666, 0.381925, 0
0.097, 0.101857, 0.332058, 0
0.0975, 0.102023, 0.282097, 0
0.098, 0.102164, 0.232055, 0
0.0985, 0.10228, 0.181944, 0
0.099, 0.102371, 0.131775, 0
0.0995, 0.102437, 0.0815623, 0
0.1, 0.102478, 0.0313171, 0
0.1005, 0.102493, -0.0189482, 0
0.101, 0.102484, -0.0692212, 0
0.1015, 0.102449, -0.11949, 0
0.102, 0.102389, -0.169741, 0
0.1025, 0.102305, -0.219963, 0
0.103, 0.102195, -0.270143, 0
0.1035, 0.10206, -0.32027, 0
0.104, 0.101899, -0.37033, 0
0.1045, 0.101714, -0.420312, 0
0.105, 0.101504, -0.470202, 0
0.1055, 0.101269, -0.51999, 0
0.106, 0.101009, -0.569663, 0
0.1065, 0.100724, -0.619208, 0
0.107, 0.100415, -0.668613, 0
0.1075, 0.10008, -0.717866, 0
0.108, 0.0997213, -0.766955, 0
0.1085, 0.0993378, -0.815869, 0
0.109, 0.0989299, -0.864594, 0
0.1095, 0.0984976, -0.913119, 0
0.11, 0.098041, -0.961432, 0
0.1105, 0.0975603, -1.00952, 0
0.111, 0.0970556, -1.05737, 0
0.1115, 0.0965269, -1.10498, 0
0.112, 0.0959744, -1.15233, 0
0.1125, 0.0953982, -1.1994, 0
0.113, 0.0947985, -1.2462, 0
0.1135, 0.0941754, -1.29269, 0
0.114, 0.0935291, -1.33889, 0
0.1145, 0.0928596, -1.38476, 0
0.115, 0.0921673, -1.43031, 0
0.1155, 0.0914521, -1.47552, 0
0.116, 0.0907143, -1.52038, 0
0.1165, 0.0899542, -1.56487, 0
0.117, 0.0891717, -1.60899, 0
0.1175, 0.0883672, -1.65273, 0
0.118, 0.0875409, -1.69608, 0
0.1185, 0.0866928, -1.73902, 0
0.119, 0.0858233, -1.78154, 0
0.1195, 0.0849325, -1.82363, 0
0.12, 0.0840207, -1.86529, 0
0.1205, 0.0830881, -1.90651, 0
0.121, 0.0821348, -1.94726, 0
0.1215, 0.0811612, -1.98755, 0
0.122, 0.0801674, -2.02736, 0
0.1225, 0.0791537, -2.06668, 0
0.123, 0.0781204, -2.1055, 0
0.1235, 0.0770676, -2.14382, 0
0.124, 0.0759957, -2.18162, 0
0.1245, 0.0749049, -2.2189, 0
0.125, 0.0737955, -2.25564, 0
0.1255, 0.0726677, -2.29184, 0
0.126, 0.0715217, -2.32748, 0
0.1265, 0.070358, -2.36256, 0
0.127, 0.0691767, -2.39707, 0
0.1275, 0.0679782, -2.431, 0
0.128, 0.0667627, -2.46435, 0
0.1285, 0.0655305, -2.49709, 0
0.129, 0.064282, -2.52924, 0
0.1295, 0.0630173, -2.56077, 0
0.13, 0.061737, -2.59168, 0
0.1305, 0.0604411, -2.62196, 0
0.131, 0.0591301, -2.65161, 0
0.1315, 0.0578043, -2.68061, 0
0.132, 0.056464, -2.70896, 0
0.1325, 0.0551095, -2.73666, 0
0.133, 0.0537412, -2.76369, 0
0.1335, 0.0523594, -2.79005, 0
0.134, 0.0509643, -2.81573, 0
0.1345, 0.0495565, -2.84073, 0
0.135, 0.0481361, -2.86504, 0
0.1355, 0.0467036, -2.88865, 0
0.136, 0.0452593, -2.91156, 0
0.1365, 0.0438035, -2.93376, 0
0.137, 0.0423366, -2.95524, 0
0.1375, 0.040859, -2.97601, 0
0.138, 0.039371, -2.99605, 0
0.1385, 0.037873, -3.01536, 0
0.139, 0.0363653, -3.03394, 0
0.1395, 0.0348483, -3.05177, 0
0.14, 0.0333224, -3.06887, 0
0.1405, 0.031788, -3.08521, 0
0.141, 0.0302454, -3.1008, 0
0.1415, 0.028695, -3.11564, 0
0.142, 0.0271372, -3.12971, 0
0.1425, 0.0255723, -3.14302, 0
0.143, 0.0240008, -3.15557, 0
0.1435, 0.022423, -3.16734, 0
0.144, 0.0208393, -3.17834, 0
0.1445, 0.0192502, -3.18856, 0
0.145, 0.0176559, -3.198, 0
0.1455, 0.0160569, -3.20666, 0
0.146, 0.0144536, -3.21454, 0
0.1465, 0.0128463, -3.22163, 0
0.147, 0.0112355, -3.22793, 0
0.1475, 0.00962152, -3.23344, 0
0.148, 0.0080048, -3.23816, 0
0.1485, 0.00638572, -3.24209, 0
0.149, 0.00476467, -3.24522, 0
0.1495, 0.00314206, -3.24756, 0
0.15, 0.00151829, -3.2491, 0
0.1505, -0.000106261, -3.24984, 0
0.151, -0.00173118, -3.24979, 0
0.1515, -0.00335608, -3.24894, 0
0.152, -0.00498055, -3.24729, 0
0.1525, -0.00660419, -3.24485, 0
0.153, -0.00822662, -3.24161, 0
0.1535, -0.00984743, -3.23758, 0
0.154, -0.0114662, -3.23275, 0
0.1545, -0.0130826, -3.22712, 0
0.155, -0.0146961, -3.22071, 0
0.1555, -0.0163065, -3.2135, 0
0.156, -0.0179132, -3.2055, 0
0.1565, -0.019516, -3.19671, 0
0.157, -0.0211144, -3.18714, 0
0.1575, -0.0227079, -3.17678, 0
0.158, -0.0242963, -3.16564, 0
0.1585, -0.0258791, -3.15373, 0
0.159, -0.027456, -3.14103, 0
0.1595, -0.0290265, -3.12757, 0
0.16, -0.0305903, -3.11333, 0
0.1605, -0.032147, -3.09832, 0
0.161, -0.0336961, -3.08256, 0
0.1615, -0.0352374, -3.06603, 0
0.162, -0.0367704, -3.04874, 0
0.1625, -0.0382948, -3.03071, 0
0.163, -0.0398101, -3.01192, 0
0.1635, -0.0413161, -2.9924, 0
0.164, -0.0428123, -2.97213, 0
0.1645, -0.0442984, -2.95113, 0
0.165, -0.0457739, -2.9294, 0
0.1655, -0.0472386, -2.90695, 0
0.166, -0.0486921, -2.88378, 0
0.1665, -0.050134, -2.8599, 0
0.167, -0.051564, -2.83531, 0
0.1675, -0.0529816, -2.81002, 0
0.168, -0.0543866, -2.78403, 0
0.1685, -0.0557786, -2.75735, 0
0.169, -0.0571573, -2.72999, 0
0.1695, -0.0585223, -2.70196, 0
0.17, -0.0598733, -2.67325, 0
0.1705, -0.0612099, -2.64388, 0
0.171, -0.0625319, -2.61386, 0
0.1715, -0.0638388, -2.58319, 0
0.172, -0.0651304, -2.55188, 0
0.1725, -0.0664063, -2.51993, 0
0.173, -0.0676663, -2.48736, 0
0.1735, -0.06891, -2.45417, 0
0.174, -0.070137, -2.42037, 0
0.1745, -0.0713472, -2.38596, 0
0.175, -0.0725402, -2.35097, 0
0.1755, -0.0737157, -2.31539, 0
0.176, -0.0748734, -2.27923, 0
0.1765, -0.076013, -2.2425, 0
0.177, -0.0771342, -2.20522, 0
0.1775, -0.0782369, -2.16739, 0
0.178, -0.0793205, -2.12901, 0
0.1785, -0.0803851, -2.0901, 0
0.179, -0.0814301, -2.05067, 0
0.1795, -0.0824554, -2.01073, 0
0.18, -0.0834608, -1.97029, 0
0.1805, -0.084446, -1.92935, 0
0.181, -0.0854106, -1.88793, 0
0.1815, -0.0863546, -1.84604, 0
0.182, -0.0872776, -1.80368, 0
0.1825, -0.0881795, -1.76087, 0
0.183, -0.0890599, -1.71762, 0
0.1835, -0.0899187, -1.67393, 0
0.184, -0.0907557, -1.62983, 0
0.1845, -0.0915706, -1.58531, 0
0.185, -0.0923632, -1.5404, 0
0.1855, -0.0931334, -1.49509, 0
0.186, -0.093881, -1.44941, 0
0.1865, -0.0946057, -1.40336, 0
0.187, -0.0953074, -1.35696, 0
0.1875, -0.0959858, -1.31021, 0
0.188, -0.0966409, -1.26313, 0
0.1885, -0.0972725, -1.21573, 0
0.189, -0.0978804, -1.16801, 0
0.1895, -0.0984644, -1.12, 0
0.19, -0.0990244, -1.07171, 0
0.1905, -0.0995602, -1.02314, 0
0.191, -0.100072, -0.974302, 0
0.1915, -0.100559, -0.925217, 0
0.192, -0.101022, -0.875893, 0
0.1925, -0.10146, -0.826342, 0
0.193, -0.101873, -0.776576, 0
0.1935, -0.102261, -0.726607, 0
0.194, -0.102624, -0.676448, 0
0.1945, -0.102963, -0.626111, 0
0.195, -0.103276, -0.575608, 0
0.1955, -0.103563, -0.524951, 0
0.196, -0.103826, -0.474153, 0
0.1965, -0.104063, -0.423227, 0
0.197, -0.104275, -0.372184, 0
0.1975, -0.104461, -0.321037, 0
0.198, -0.104621, -0.269799, 0
0.1985, -0.104756, -0.218483, 0
0.199, -0.104865, -0.1671, 0
0.1995, -0.104949, -0.115663, 0
0.2, -0.105007, -0.0641859, 0
0.2005, -0.105039, -0.0126802, 0
0.201, -0.105045, 0.0388413, 0
0.2015, -0.105026, 0.0903659, 0
0.202, -0.10498, 0.141881, 0
0.2025, -0.10491, 0.193374, 0
0.203, -0.104813, 0.244832, 0
0.2035, -0.10469, 0.296243, 0
0.204, -0.104542, 0.347593, 0
0.2045, -0.104369, 0.398871, 0
0.205, -0.104169, 0.450064, 0
0.2055, -0.103944, 0.501159, 0
0.206, -0.103693, 0.552144, 0
0.2065, -0.103417, 0.603005, 0
0.207, -0.103116, 0.653732, 0
0.2075, -0.102789, 0.70431, 0
0.208, -0.102437, 0.754728, 0
0.2085, -0.10206, 0.804973, 0
0.209, -0.101657, 0.855034, 0
0.2095, -0.10123, 0.904896, 0
0.21, -0.100777, 0.954549, 0
0.2105, -0.1003, 1.00398, 0
0.211, -0.0997978, 1.05318, 0
0.2115, -0.0992712, 1.10213, 0
0.212, -0.0987202, 1.15082, 0
0.2125, -0.0981447, 1.19924, 0
0.213, -0.0975451, 1.24738, 0
0.2135, -0.0969214, 1.29523, 0
0.214, -0.0962738, 1.34277, 0
0.2145, -0.0956024, 1.38999, 0
0.215, -0.0949074, 1.43688, 0
0.2155, -0.094189, 1.48344, 0
0.216, -0.0934473, 1.52964, 0
0.2165, -0.0926825, 1.57547, 0
0.217, -0.0918947, 1.62093, 0
0.2175, -0.0910843, 1.66601, 0
0.218, -0.0902512, 1.71068, 0
0.2185, -0.0893959, 1.75495, 0
0.219, -0.0885184, 1.7988, 0
0.2195, -0.087619, 1.84222, 0
0.22, -0.0866979, 1.8852, 0
0.2205, -0.0857553, 1.92772, 0
0.221, -0.0847915, 1.96978, 0
0.2215, -0.0838066, 2.01137, 0
0.222, -0.0828009, 2.05248, 0
0.2225, -0.0817746, 2.0931, 0
0.223, -0.0807281, 2.13321, 0
0.2235, -0.0796615, 2.1728, 0
0.224, -0.0785751, 2.21188, 0
0.2245, -0.0774691, 2.25042, 0
0.225, -0.0763439, 2.28842, 0
0.2255, -0.0751997, 2.32586, 0
0.226, -0.0740368, 2.36275, 0
0.2265, -0.0728554, 2.39906, 0
0.227, -0.0716559, 2.4348, 0
0.2275, -0.0704385, 2.46995, 0
0.228, -0.0692035, 2.5045, 0
0.2285, -0.0679513, 2.53844, 0
0.229, -0.0666821, 2.57177, 0
0.2295, -0.0653962, 2.60448, 0
0.23, -0.0640939, 2.63656, 0
0.2305, -0.0627756, 2.66799, 0
0.231, -0.0614417, 2.69879, 0
0.2315, -0.0600923, 2.72892, 0
0.232, -0.0587278, 2.7584, 0
0.2325, -0.0573486, 2.7872, 0
0.233, -0.055955, 2.81533, 0
0.2335, -0.0545473, 2.84278, 0
0.234, -0.0531259, 2.86953, 0
0.2345, -0.0516912, 2.89559, 0
0.235, -0.0502434, 2.92095, 0
0.2355, -0.0487829, 2.94559, 0
0.236, -0.0473101, 2.96952, 0
0.2365, -0.0458253, 2.99273, 0
0.237, -0.044329, 3.0152, 0
0.2375, -0.0428214, 3.03695, 0
0.238, -0.0413029, 3.05795, 0
0.2385, -0.0397739, 3.07821, 0
0.239, -0.0382348, 3.09772, 0
0.2395, -0.036686, 3.11647, 0
0.24, -0.0351277, 3.13447, 0
0.2405, -0.0335605, 3.1517, 0
0.241, -0.0319847, 3.16816, 0
0.2415, -0.0304006, 3.18385, 0
0.242, -0.0288086, 3.19876, 0
0.2425, -0.0272093, 3.21289, 0
0.243, -0.0256028, 3.22624, 0
0.2435, -0.0239897, 3.23879, 0
0.244, -0.0223703, 3.25056, 0
0.2445, -0.020745, 3.26153, 0
0.245, -0.0191143, 3.27171, 0
0.2455, -0.0174784, 3.28108, 0
0.246, -0.0158379, 3.28966, 0
0.2465, -0.014193, 3.29743, 0
0.247, -0.0125443, 3.30439, 0
0.2475, -0.0108921, 3.31054, 0
0.248, -0.00923686, 3.31588, 0
0.2485, -0.00757892, 3.32041, 0
0.249, -0.00591872, 3.32413, 0
0.2495, -0.00425665, 3.32703, 0
0.25, -0.00259313, 3.32912, 0
0.2505, -0.000928572, 3.33039, 0
0.251, 0.000736625, 3.33085, 0
0.2515, 0.00240205, 3.33049, 0
0.252, 0.00406729, 3.32931, 0
0.2525, 0.00573195, 3.32731, 0
0.253, 0.00739561, 3.3245, 0
0.2535, 0.00905786, 3.32088, 0
0.254, 0.0107183, 3.31643, 0
0.2545, 0.0123765, 3.31118, 0
0.255, 0.0140321, 3.3051, 0
0.2555, 0.0156847, 3.29822, 0
0.256, 0.0173338, 3.29053, 0
0.2565, 0.018979, 3.28203, 0
0.257, 0.02062, 3.27272, 0
0.2575, 0.0222564, 3.2626, 0
0.258, 0.0238877, 3.25169, 0
0.2585, 0.0255135, 3.23997, 0
0.259, 0.0271335, 3.22746, 0
0.2595, 0.0287473, 3.21415, 0
0.26, 0.0303543, 3.20005, 0
0.2605, 0.0319544, 3.18516, 0
0.261, 0.0335469, 3.16948, 0
0.2615, 0.0351317, 3.15303, 0
0.262, 0.0367082, 3.1358, 0
0.2625, 0.0382761, 3.11779, 0
0.263, 0.039835, 3.09902, 0
0.2635, 0.0413845, 3.07948, 0
0.264, 0.0429242, 3.05918, 0
0.2645, 0.0444538, 3.03812, 0
0.265, 0.0459729, 3.01632, 0
0.2655, 0.047481, 2.99377, 0
0.266, 0.0489779, 2.97048, 0
0.2665, 0.0504632, 2.94646, 0
0.267, 0.0519364, 2.9217, 0
0.2675, 0.0533972, 2.89623, 0
0.268, 0.0548454, 2.87004, 0
0.2685, 0.0562804, 2.84314, 0
0.269, 0.0577019, 2.81553, 0
0.2695, 0.0591097, 2.78723, 0
0.27, 0.0605033, 2.75824, 0
0.2705, 0.0618824, 2.72856, 0
0.271, 0.0632467, 2.6982, 0
0.2715, 0.0645958, 2.66718, 0
0.272, 0.0659294, 2.6355, 0
0.2725, 0.0672472, 2.60316, 0
0.273, 0.0685487, 2.57018, 0
0.2735, 0.0698338, 2.53655, 0
0.274, 0.0711021, 2.5023, 0
0.2745, 0.0723533, 2.46742, 0
0.275, 0.073587, 2.43193, 0
0.2755, 0.0748029, 2.39584, 0
0.276, 0.0760009, 2.35915, 0
0.2765, 0.0771804, 2.32187, 0
0.277, 0.0783414, 2.28401, 0
0.2775, 0.0794834, 2.24559, 0
0.278, 0.0806062, 2.2066, 0
0.2785, 0.0817095, 2.16706, 0
0.279, 0.082793, 2.12698, 0
0.2795, 0.0838565, 2.08637, 0
0.28, 0.0848997, 2.04524, 0
0.2805, 0.0859223, 2.0036, 0
0.281, 0.0869241, 1.96145, 0
0.2815, 0.0879048, 1.91882, 0
0.282, 0.0888642, 1.8757, 0
0.2825, 0.0898021, 1.83211, 0
0.283, 0.0907181, 1.78806, 0
0.2835, 0.0916122, 1.74357, 0
0.284, 0.092484, 1.69863, 0
0.2845, 0.0933333, 1.65327, 0
0.285, 0.0941599, 1.60749, 0
0.2855, 0.0949637, 1.5613, 0
0.286, 0.0957443, 1.51472, 0
0.2865, 0.0965017, 1.46776, 0
0.287, 0.0972355, 1.42043, 0
0.2875, 0.0979458, 1.37273, 0
0.288, 0.0986321, 1.32469, 0
0.2885, 0.0992945, 1.27631, 0
0.289, 0.0999326, 1.22761, 0
0.2895, 0.100546, 1.17859, 0
0.29, 0.101136, 1.12927, 0
0.2905, 0.1017, 1.07967, 0
0.291, 0.10224, 1.02978, 0
0.2915, 0.102755, 0.979632, 0
0.292, 0.103245, 0.929231, 0
0.2925, 0.10371, 0.878589, 0
0.293, 0.104149, 0.82772, 0
0.2935, 0.104563, 0.776635, 0
0.294, 0.104951, 0.725347, 0
0.2945, 0.105314, 0.673868, 0
0.295, 0.105651, 0.622212, 0
0.2955, 0.105962, 0.57039, 0
0.296, 0.106247, 0.518416, 0
0.2965, 0.106506, 0.466302, 0
0.297, 0.106739, 0.414061, 0
0.2975, 0.106946, 0.361705, 0
0.298, 0.107127, 0.309248, 0
0.2985, 0.107282, 0.256702, 0
0.299, 0.10741, 0.204081, 0
0.2995, 0.107512, 0.151396, 0
0.3, 0.107588, 0.0986612, 0
0.3005, 0.107637, 0.0458894, 0
0.301, 0.10766, -0.00690665, 0
0.3015, 0.107657, -0.0597139, 0
0.302, 0.107627, -0.11252, 0
0.3025, 0.107571, -0.16531, 0
0.303, 0.107488, -0.218074, 0
0.3035, 0.107379, -0.270797, 0
0.304, 0.107243, -0.323466, 0
0.3045, 0.107082, -0.376069, 0
0.305, 0.106894, -0.428593, 0
0.3055, 0.106679, -0.481024, 0
0.306, 0.106439, -0.53335, 0
0.3065, 0.106172, -0.585558, 0
0.307, 0.105879, -0.637636, 0
0.3075, 0.105561, -0.68957, 0
0.308, 0.105216, -0.741347, 0
0.3085, 0.104845, -0.792956, 0
0.309, 0.104449, -0.844382, 0
0.3095, 0.104026, -0.895614, 0
0.31, 0.103579, -0.946639, 0
0.3105, 0.103105, -0.997445, 0
0.311, 0.102607, -1.04802, 0
0.3115, 0.102083, -1.09835, 0
0.312, 0.101533, -1.14842, 0
0.3125, 0.100959, -1.19822, 0
0.313, 0.10036, -1.24774, 0
0.3135, 0.0997363, -1.29697, 0
0.314, 0.0990878, -1.34589, 0
0.3145, 0.0984148, -1.39449, 0
0.315, 0.0977176, -1.44276, 0
0.3155, 0.0969962, -1.49069, 0
0.316, 0.0962509, -1.53827, 0
0.3165, 0.0954817, -1.58548, 0
0.317, 0.094689, -1.63231, 0
0.3175, 0.0938728, -1.67876, 0
0.318, 0.0930335, -1.7248, 0
0.3185, 0.0921711, -1.77044, 0
0.319, 0.0912858, -1.81565, 0
0.3195, 0.090378, -1.86042, 0
0.32, 0.0894478, -1.90475, 0
0.3205, 0.0884954, -1.94863, 0
0.321, 0.0875211, -1.99203, 0
0.3215, 0.0865251, -2.03496, 0
0.322, 0.0855076, -2.0774, 0
0.3225, 0.0844689, -2.11935, 0
0.323, 0.0834092, -2.16078, 0
0.3235, 0.0823288, -2.20169, 0
0.324, 0.081228, -2.24207, 0
0.3245, 0.080107, -2.28191, 0
0.325, 0.078966, -2.32121, 0
0.3255, 0.0778054, -2.35994, 0
0.326, 0.0766254, -2.3981, 0
0.3265, 0.0754264, -2.43569, 0
0.327, 0.0742085, -2.47268, 0
0.3275, 0.0729722, -2.50908, 0
0.328, 0.0717177, -2.54488, 0
0.3285, 0.0704452, -2.58005, 0
0.329, 0.0691552, -2.61461, 0
0.3295, 0.0678479, -2.64853, 0
0.33, 0.0665236, -2.68181, 0
0.3305, 0.0651827, -2.71444, 0
0.331, 0.0638255, -2.74641, 0
0.3315, 0.0624523, -2.77772, 0
0.332, 0.0610634, -2.80835, 0
0.3325, 0.0596593, -2.8383, 0
0.333, 0.0582401, -2.86756, 0
0.3335, 0.0568063, -2.89613, 0
0.334, 0.0553583, -2.92399, 0
0.3345, 0.0538963, -2.95115, 0
0.335, 0.0524207, -2.97758, 0
0.3355, 0.0509319, -3.0033, 0
0.336, 0.0494303, -3.02828, 0
0.3365, 0.0479161, -3.05252, 0
0.337, 0.0463899, -3.07603, 0
0.3375, 0.0448518, -3.09878, 0
0.338, 0.0433025, -3.12078, 0
0.3385, 0.0417421, -3.14202, 0
0.339, 0.0401711, -3.16249, 0
0.3395, 0.0385898, -3.1822, 0
0.34, 0.0369987, -3.20113, 0
0.3405, 0.0353981, -3.21927, 0
0.341, 0.0337885, -3.23664, 0
0.3415, 0.0321702, -3.25321, 0
0.342, 0.0305436, -3.26899, 0
0.3425, 0.0289091, -3.28397, 0
0.343, 0.0272671, -3.29815, 0
0.3435, 0.025618, -3.31153, 0
0.344, 0.0239623, -3.32409, 0
0.3445, 0.0223002, -3.33585, 0
0.345, 0.0206323, -3.34678, 0
0.3455, 0.0189589, -3.3569, 0
0.346, 0.0172805, -3.3662, 0
0.3465, 0.0155973, -3.37468, 0
0.347, 0.01391, -3.38233, 0
0.3475, 0.0122188, -3.38915, 0
0.348, 0.0105243, -3.39515, 0
0.3485, 0.0088267, -3.40031, 0
0.349, 0.00712654, -3.40464, 0
0.3495, 0.00542422, -3.40813, 0
0.35, 0.00372016, -3.41079, 0
0.3505, 0.00201476, -3.41262, 0
0.351, 0.000308451, -3.41361, 0
0.3515, -0.00139835, -3.41376, 0
0.352, -0.00310523, -3.41307, 0
0.3525, -0.00481177, -3.41155, 0
0.353, -0.00651754, -3.40919, 0
0.3535, -0.00822214, -3.40599, 0
0.354, -0.00992513, -3.40196, 0
0.3545, -0.0116261, -3.39709, 0
0.355, -0.0133247, -3.39139, 0
0.3555, -0.0150203, -3.38485, 0
0.356, -0.0167128, -3.37748, 0
0.3565, -0.0184015, -3.36929, 0
0.357, -0.0200862, -3.36026, 0
0.3575, -0.0217663, -3.35041, 0
0.358, -0.0234415, -3.33973, 0
0.3585, -0.0251114, -3.32823, 0
0.359, -0.0267755, -3.31592, 0
0.3595, -0.0284334, -3.30278, 0
0.36, -0.0300848, -3.28884, 0
0.3605, -0.0317292, -3.27408, 0
0.361, -0.0333663, -3.25852, 0
0.3615, -0.0349955, -3.24215, 0
0.362, -0.0366166, -3.22499, 0
0.3625, -0.0382291, -3.20703, 0
0.363, -0.0398326, -3.18827, 0
0.3635, -0.0414268, -3.16874, 0
0.364, -0.0430111, -3.14842, 0
0.3645, -0.0445853, -3.12732, 0
0.365, -0.046149, -3.10545, 0
0.3655, -0.0477017, -3.08281, 0
0.366, -0.0492431, -3.05942, 0
0.3665, -0.0507728, -3.03526, 0
0.367, -0.0522905, -3.01036, 0
0.3675, -0.0537957, -2.98471, 0
0.368, -0.055288, -2.95832, 0
0.3685, -0.0567672, -2.9312, 0
0.369, -0.0582328, -2.90336, 0
0.3695, -0.0596845, -2.8748, 0
0.37, -0.0611219, -2.84552, 0
0.3705, -0.0625446, -2.81554, 0
0.371, -0.0639524, -2.78486, 0
0.3715, -0.0653448, -2.75349, 0
0.372, -0.0667216, -2.72144, 0
0.3725, -0.0680823, -2.68872, 0
0.373, -0.0694266, -2.65532, 0
0.3735, -0.0707543, -2.62127, 0
0.374, -0.0720649, -2.58656, 0
0.3745, -0.0733582, -2.55122, 0
0.375, -0.0746338, -2.51523, 0
0.3755, -0.0758914, -2.47863, 0
0.376, -0.0771308, -2.4414, 0
0.3765, -0.0783515, -2.40357, 0
0.377, -0.0795532, -2.36514, 0
0.3775, -0.0807358, -2.32612, 0
0.378, -0.0818989, -2.28651, 0
0.3785, -0.0830421, -2.24634, 0
0.379, -0.0841653, -2.20561, 0
0.3795, -0.0852681, -2.16433, 0
0.38, -0.0863503, -2.1225, 0
0.3805, -0.0874115, -2.08015, 0
0.381, -0.0884516, -2.03727, 0
0.3815, -0.0894702, -1.99389, 0
0.382, -0.0904672, -1.95, 0
0.3825, -0.0914422, -1.90563, 0
0.383, -0.092395, -1.86078, 0
0.3835, -0.0933254, -1.81546, 0
0.384, -0.0942331, -1.76968, 0
0.3845, -0.0951179, -1.72346, 0
0.385, -0.0959797, -1.6768, 0
0.3855, -0.0968181, -1.62973, 0
0.386, -0.0976329, -1.58224, 0
0.3865, -0.0984241, -1.53435, 0
0.387, -0.0991912, -1.48607, 0
0.3875, -0.0999343, -1.43742, 0
0.388, -0.100653, -1.3884, 0
0.3885, -0.101347, -1.33903, 0
0.389, -0.102017, -1.28932, 0
0.3895, -0.102661, -1.23928, 0
0.39, -0.103281, -1.18892, 0
0.3905, -0.103875, -1.13826, 0
0.391, -0.104445, -1.08731, 0
0.3915, -0.104988, -1.03608, 0
0.392, -0.105506, -0.984587, 0
0.3925, -0.105999, -0.932836, 0
0.393, -0.106465, -0.880844, 0
0.3935, -0.106905, -0.828623, 0
0.394, -0.10732, -0.776186, 0
0.3945, -0.107708, -0.723546, 0
0.395, -0.10807, -0.670715, 0
0.3955, -0.108405, -0.617707, 0
0.396, -0.108714, -0.564534, 0
0.3965, -0.108996, -0.51121, 0
0.397, -0.109252, -0.457747, 0
0.3975, -0.109481, -0.404159, 0
0.398, -0.109683, -0.350459, 0
0.3985, -0.109858, -0.29666, 0
0.399, -0.110006, -0.242775, 0
0.3995, -0.110128, -0.188817, 0
0.4, -0.110222, -0.134799, 0
0.4005, -0.110289, -0.0807351, 0
0.401, -0.11033, -0.0266382, 0
0.4015, -0.110343, 0.0274785, 0
0.402, -0.110329, 0.0816018, 0
0.4025, -0.110289, 0.135718, 0
0.403, -0.110221, 0.189815, 0
0.4035, -0.110126, 0.243878, 0
0.404, -0.110004, 0.297895, 0
0.4045, -0.109855, 0.351852, 0
0.405, -0.109679, 0.405736, 0
0.4055, -0.109476, 0.459533, 0
0.406, -0.109246, 0.513231, 0
0.4065, -0.10899, 0.566816, 0
0.407, -0.108706, 0.620276, 0
0.4075, -0.108396, 0.673596, 0
0.408, -0.108059, 0.726765, 0
0.4085, -0.107696, 0.779768, 0
0.409, -0.107306, 0.832593, 0
0.4095, -0.10689, 0.885226, 0
0.41, -0.106447, 0.937656, 0
0.4105, -0.105978, 0.989868, 0
0.411, -0.105483, 1.04185, 0
0.4115, -0.104962, 1.09359, 0
0.412, -0.104416, 1.14507, 0
0.4125, -0.103843, 1.19629, 0
0.413, -0.103245, 1.24723, 0
0.4135, -0.102621, 1.29787, 0
0.414, -0.101972, 1.3482, 0
0.4145, -0.101298, 1.39822, 0
0.415, -0.100599, 1.44791, 0
0.4155, -0.0998753, 1.49725, 0
0.416, -0.0991267, 1.54624, 0
0.4165, -0.0983536, 1.59486, 0
0.417, -0.0975561, 1.6431, 0
0.4175, -0.0967346, 1.69096, 0
0.418, -0.0958891, 1.7384, 0
0.4185, -0.0950199, 1.78544, 0
0.419, -0.0941272, 1.83204, 0
0.4195, -0.0932112, 1.87821, 0
0.42, -0.0922721, 1.92393, 0
0.4205, -0.0913101, 1.96919, 0
0.421, -0.0903255, 2.01398, 0
0.4215, -0.0893185, 2.05829, 0
0.422, -0.0882894, 2.1021, 0
0.4225, -0.0872383, 2.1454, 0
0.423, -0.0861656, 2.18819, 0
0.4235, -0.0850715, 2.23046, 0
0.424, -0.0839563, 2.27218, 0
0.4245, -0.0828202, 2.31336, 0
0.425, -0.0816635, 2.35399, 0
0.4255, -0.0804865, 2.39404, 0
0.426, -0.0792895, 2.43352, 0
0.4265, -0.0780727, 2.47241, 0
0.427, -0.0768365, 2.51071, 0
0.4275, -0.0755812, 2.5484, 0
0.428, -0.074307, 2.58547, 0
0.4285, -0.0730142, 2.62192, 0
0.429, -0.0717033, 2.65773, 0
0.4295, -0.0703744, 2.6929, 0
0.43, -0.069028, 2.72742, 0
0.4305, -0.0676643, 2.76128, 0
0.431, -0.0662836, 2.79447, 0
0.4315, -0.0648864, 2.82698, 0
0.432, -0.0634729, 2.85881, 0
0.4325, -0.0620435, 2.88994, 0
0.433, -0.0605985, 2.92037, 0
0.4335, -0.0591383, 2.9501, 0
0.434, -0.0576633, 2.9791, 0
0.4345, -0.0561737, 3.00739, 0
0.435, -0.05467, 3.03494, 0
0.4355, -0.0531526, 3.06176, 0
0.436, -0.0516217, 3.08783, 0
0.4365, -0.0500778, 3.11315, 0
0.437, -0.0485212, 3.13771, 0
0.4375, -0.0469523, 3.16151, 0
0.438, -0.0453716, 3.18454, 0
0.4385, -0.0437793, 3.2068, 0
0.439, -0.0421759, 3.22827, 0
0.4395, -0.0405618, 3.24896, 0
0.44, -0.0389373, 3.26885, 0
0.4405, -0.0373029, 3.28795, 0
0.441, -0.0356589, 3.30625, 0
0.4415, -0.0340058, 3.32374, 0
0.442, -0.0323439, 3.34042, 0
0.4425, -0.0306737, 3.35628, 0
0.443, -0.0289956, 3.37133, 0
0.4435, -0.0273099, 3.38555, 0
0.444, -0.0256171, 3.39895, 0
0.4445, -0.0239177, 3.41151, 0
0.445, -0.0222119, 3.42324, 0
0.4455, -0.0205003, 3.43414, 0
0.446, -0.0187832, 3.44419, 0
0.4465, -0.0170611, 3.45341, 0
0.447, -0.0153344, 3.46178, 0
0.4475, -0.0136035, 3.4693, 0
0.448, -0.0118689, 3.47597, 0
0.4485, -0.0101309, 3.48179, 0
0.449, -0.00838999, 3.48676, 0
0.4495, -0.00664661, 3.49088, 0
0.45, -0.00490118, 3.49414, 0
0.4505, -0.00315411, 3.49654, 0
0.451, -0.00140584, 3.49809, 0
0.4515, 0.000343204, 3.49878, 0
0.452, 0.00209259, 3.49861, 0
0.4525, 0.0038419, 3.49758, 0
0.453, 0.00559069, 3.4957, 0
0.4535, 0.00733853, 3.49295, 0
0.454, 0.00908501, 3.48936, 0
0.4545, 0.0108297, 3.4849, 0
0.455, 0.0125721, 3.47959, 0
0.4555, 0.0143119, 3.47342, 0
0.456, 0.0160486, 3.4664, 0
0.4565, 0.0177818, 3.45853, 0
0.457, 0.0195111, 3.44981, 0
0.4575, 0.021236, 3.44024, 0
0.458, 0.0229561, 3.42982, 0
0.4585, 0.024671, 3.41856, 0
0.459, 0.0263803, 3.40646, 0
0.4595, 0.0280835, 3.39352, 0
0.46, 0.0297803, 3.37974, 0
0.4605, 0.0314702, 3.36514, 0
0.461, 0.0331527, 3.3497, 0
0.4615, 0.0348276, 3.33344, 0
0.462, 0.0364943, 3.31636, 0
0.4625, 0.0381525, 3.29846, 0
0.463, 0.0398017, 3.27974, 0
0.4635, 0.0414416, 3.26022, 0
0.464, 0.0430717, 3.23989, 0
0.4645, 0.0446917, 3.21877, 0
0.465, 0.046301, 3.19684, 0
0.4655, 0.0478995, 3.17413, 0
0.466, 0.0494865, 3.15064, 0
0.4665, 0.0510618, 3.12637, 0
0.467, 0.052625, 3.10132, 0
0.4675, 0.0541757, 3.07551, 0
0.468, 0.0557134, 3.04893, 0
0.4685, 0.0572379, 3.02161, 0
0.469, 0.0587487, 2.99353, 0
0.4695, 0.0602455, 2.96472, 0
0.47, 0.0617278, 2.93517, 0
0.4705, 0.0631954, 2.90489, 0
0.471, 0.0646479, 2.87389, 0
0.4715, 0.0660848, 2.84218, 0
0.472, 0.0675059, 2.80977, 0
0.4725, 0.0689108, 2.77665, 0
0.473, 0.0702991, 2.74285, 0
0.4735, 0.0716705, 2.70837, 0
0.474, 0.0730247, 2.67322, 0
0.4745, 0.0743613, 2.6374, 0
0.475, 0.07568, 2.60092, 0
0.4755, 0.0769805, 2.5638, 0
0.476, 0.0782624, 2.52604, 0
0.4765, 0.0795254, 2.48766, 0
0.477, 0.0807692, 2.44865, 0
0.4775, 0.0819936, 2.40903, 0
0.478, 0.0831981, 2.36881, 0
0.4785, 0.0843825, 2.32801, 0
0.479, 0.0855465, 2.28662, 0
0.4795, 0.0866898, 2.24466, 0
0.48, 0.0878121, 2.20213, 0
0.4805, 0.0889132, 2.15906, 0
0.481, 0.0899927, 2.11545, 0
0.4815, 0.0910505, 2.07131, 0
0.482, 0.0920861, 2.02665, 0
0.4825, 0.0930994, 1.98148, 0
0.483, 0.0940902, 1.93582, 0
0.4835, 0.0950581, 1.88966, 0
0.484, 0.0960029, 1.84304, 0
0.4845, 0.0969244, 1.79595, 0
0.485, 0.0978224, 1.74841, 0
0.4855, 0.0986966, 1.70043, 0
0.486, 0.0995468, 1.65201, 0
0.4865, 0.100373, 1.60319, 0
0.487, 0.101174, 1.55395, 0
0.4875, 0.101951, 1.50433, 0
0.488, 0.102704, 1.45432, 0
0.4885, 0.103431, 1.40394, 0
0.489, 0.104133, 1.35321, 0
0.4895, 0.104809, 1.30214, 0
0.49, 0.10546, 1.25073, 0
0.4905, 0.106086, 1.199, 0
0.491, 0.106685, 1.14696, 0
0.4915, 0.107259, 1.09463, 0
0.492, 0.107806, 1.04202, 0
0.4925, 0.108327, 0.989144, 0
0.493, 0.108822, 0.93601, 0
0.4935, 0.10929, 0.882633, 0
0.494, 0.109731, 0.829026, 0
0.4945, 0.110145, 0.775203, 0
0.495, 0.110533, 0.721177, 0
0.4955, 0.110894, 0.666961, 0
0.496, 0.111227, 0.612567, 0
0.4965, 0.111533, 0.55801, 0
0.497, 0.111812, 0.503303, 0
0.4975, 0.112064, 0.448459, 0
0.498, 0.112288, 0.393492, 0
0.4985, 0.112485, 0.338414, 0
0.499, 0.112654, 0.28324, 0
0.4995, 0.112796, 0.227984, 0
0.5, 0.11291, 0.172657, 0
0.5005, 0.112996, 0.117275, 0
0.501, 0.113055, 0.0618502, 0
0.5015, 0.113086, 0.00639684, 0
0.502, 0.113089, -0.0490717, 0
0.5025, 0.113064, -0.104542, 0
0.503, 0.113012, -0.16, 0
0.5035, 0.112932, -0.215432, 0
0.504, 0.112824, -0.270826, 0
0.5045, 0.112689, -0.326166, 0
0.505, 0.112526, -0.38144, 0
0.5055, 0.112335, -0.436634, 0
0.506, 0.112117, -0.491734, 0
0.5065, 0.111871, -0.546728, 0
0.507, 0.111598, -0.6016, 0
0.5075, 0.111297, -0.656339, 0
0.508, 0.110969, -0.71093, 0
0.5085, 0.110613, -0.76536, 0
0.509, 0.110231, -0.819616, 0
0.5095, 0.109821, -0.873684, 0
0.51, 0.109384, -0.927551, 0
0.5105, 0.10892, -0.981204, 0
0.511, 0.10843, -1.03463, 0
0.5115, 0.107912, -1.08781, 0
0.512, 0.107368, -1.14074, 0
0.5125, 0.106798, -1.19341, 0
0.513, 0.106201, -1.24579, 0
0.5135, 0.105578, -1.29789, 0
0.514, 0.104929, -1.34967, 0
0.5145, 0.104255, -1.40114, 0
0.515, 0.103554, -1.45228, 0
0.5155, 0.102828, -1.50307, 0
0.516, 0.102076, -1.55351, 0
0.5165, 0.1013, -1.60357, 0
0.517, 0.100498, -1.65326, 0
0.5175, 0.0996711, -1.70256, 0
0.518, 0.0988198, -1.75145, 0
0.5185, 0.0979441, -1.79992, 0
0.519, 0.0970442, -1.84796, 0
0.5195, 0.0961202, -1.89556, 0
0.52, 0.0951724, -1.9427, 0
0.5205, 0.0942011, -1.98939, 0
0.521, 0.0932064, -2.03559, 0
0.5215, 0.0921886, -2.08131, 0
0.522, 0.0911479, -2.12653, 0
0.5225, 0.0900846, -2.17124, 0
0.523, 0.088999, -2.21542, 0
0.5235, 0.0878913, -2.25908, 0
0.524, 0.0867618, -2.30219, 0
0.5245, 0.0856107, -2.34474, 0
0.525, 0.0844383, -2.38674, 0
0.5255, 0.0832449, -2.42815, 0
0.526, 0.0820309, -2.46899, 0
0.5265, 0.0807964, -2.50922, 0
0.527, 0.0795418, -2.54885, 0
0.5275, 0.0782673, -2.58787, 0
0.528, 0.0769734, -2.62626, 0
0.5285, 0.0756603, -2.66401, 0
0.529, 0.0743283, -2.70112, 0
0.5295, 0.0729777, -2.73758, 0
0.53, 0.0716089, -2.77338, 0
0.5305, 0.0702222, -2.8085, 0
0.531, 0.068818, -2.84295, 0
0.5315, 0.0673965, -2.8767, 0
0.532, 0.0659582, -2.90976, 0
0.5325, 0.0645033, -2.94211, 0
0.533, 0.0630322, -2.97375, 0
0.5335, 0.0615453, -3.00467, 0
0.534, 0.060043, -3.03486, 0
0.5345, 0.0585256, -3.06431, 0
0.535, 0.0569934, -3.09301, 0
0.5355, 0.0554469, -3.12097, 0
0.536, 0.0538864, -3.14817, 0
0.5365, 0.0523124, -3.1746, 0
0.537, 0.0507251, -3.20026, 0
0.5375, 0.0491249, -3.22514, 0
0.538, 0.0475124, -3.24923, 0
0.5385, 0.0458877, -3.27254, 0
0.539, 0.0442515, -3.29505, 0
0.5395, 0.0426039, -3.31675, 0
0.54, 0.0409456, -3.33765, 0
0.5405, 0.0392767, -3.35773, 0
0.541, 0.0375979, -3.377, 0
0.5415, 0.0359094, -3.39544, 0
0.542, 0.0342117, -3.41305, 0
0.5425, 0.0325051, -3.42983, 0
0.543, 0.0307902, -3.44578, 0
0.5435, 0.0290673, -3.46088, 0
0.544, 0.0273369, -3.47514, 0
0.5445, 0.0255993, -3.48855, 0
0.545, 0.0238551, -3.5011, 0
0.5455, 0.0221045, -3.5128, 0
0.546, 0.0203481, -3.52365, 0
0.5465, 0.0185863, -3.53363, 0
0.547, 0.0168195, -3.54274, 0
0.5475, 0.0150481, -3.55099, 0
0.548, 0.0132726, -3.55837, 0
0.5485, 0.0114934, -3.56488, 0
0.549, 0.00971097, -3.57052, 0
0.5495, 0.00792571, -3.57528, 0
0.55, 0.00613806, -3.57917, 0
0.5505, 0.00434848, -3.58218, 0
0.551, 0.00255739, -3.58432, 0
0.5515, 0.000765228, -3.58557, 0
0.552, -0.00102756, -3.58595, 0
0.5525, -0.00282053, -3.58544, 0
0.553, -0.00461325, -3.58406, 0
0.5535, -0.00640528, -3.5818, 0
0.554, -0.00819618, -3.57865, 0
0.5545, -0.0099855, -3.57463, 0
0.555, -0.0117728, -3.56974, 0
0.5555, -0.0135577, -3.56396, 0
0.556, -0.0153397, -3.55731, 0
0.5565, -0.0171183, -3.54979, 0
0.557, -0.0188932, -3.54139, 0
0.5575, -0.0206639, -3.53212, 0
0.558, -0.02243, -3.52199, 0
0.5585, -0.024191, -3.51099, 0
0.559, -0.0259465, -3.49912, 0
0.5595, -0.027696, -3.48639, 0
0.56, -0.0294392, -3.47281, 0
0.5605, -0.0311756, -3.45837, 0
0.561, -0.0329048, -3.44308, 0
0.5615, -0.0346263, -3.42694, 0
0.562, -0.0363398, -3.40995, 0
0.5625, -0.0380448, -3.39213, 0
0.563, -0.0397409, -3.37347, 0
0.5635, -0.0414276, -3.35397, 0
0.564, -0.0431046, -3.33365, 0
0.5645, -0.0447714, -3.31251, 0
0.565, -0.0464277, -3.29055, 0
0.5655, -0.0480729, -3.26778, 0
0.566, -0.0497068, -3.2442, 0
0.5665, -0.0513289, -3.21982, 0
0.567, -0.0529388, -3.19464, 0
0.5675, -0.0545361, -3.16867, 0
0.568, -0.0561205, -3.14192, 0
0.5685, -0.0576914, -3.1144, 0
0.569, -0.0592486, -3.0861, 0
0.5695, -0.0607917, -3.05704, 0
0.57, -0.0623202, -3.02722, 0
0.5705, -0.0638338, -2.99665, 0
0.571, -0.0653322, -2.96534, 0
0.5715, -0.0668148, -2.9333, 0
0.572, -0.0682815, -2.90052, 0
0.5725, -0.0697317, -2.86703, 0
0.573, -0.0711652, -2.83283, 0
0.5735, -0.0725817, -2.79792, 0
0.574, -0.0739806, -2.76232, 0
0.5745, -0.0753618, -2.72603, 0
0.575, -0.0767248, -2.68907, 0
0.5755, -0.0780693, -2.65143, 0
0.576, -0.079395, -2.61314, 0
0.5765, -0.0807016, -2.5742, 0
0.577, -0.0819887, -2.53461, 0
0.5775, -0.083256, -2.4944, 0
0.578, -0.0845032, -2.45356, 0
0.5785, -0.08573, -2.41211, 0
0.579, -0.0869361, -2.37006, 0
0.5795, -0.0881211, -2.32742, 0
0.58, -0.0892848, -2.2842, 0
0.5805, -0.0904269, -2.2404, 0
0.581, -0.0915471, -2.19605, 0
0.5815, -0.0926451, -2.15114, 0
0.582, -0.0937207, -2.1057, 0
0.5825, -0.0947735, -2.05973, 0
0.583, -0.0958034, -2.01324, 0
0.5835, -0.09681, -1.96625, 0
0.584, -0.0977932, -1.91877, 0
0.5845, -0.0987525, -1.8708, 0
0.585, -0.0996879, -1.82236, 0
0.5855, -0.100599, -1.77346, 0
0.586, -0.101486, -1.72412, 0
0.5865, -0.102348, -1.67434, 0
0.587, -0.103185, -1.62414, 0
0.5875, -0.103997, -1.57353, 0
0.588, -0.104784, -1.52252, 0
0.5885, -0.105545, -1.47112, 0
0.589, -0.106281, -1.41935, 0
0.5895, -0.10699, -1.36722, 0
0.59, -0.107674, -1.31474, 0
0.5905, -0.108331, -1.26193, 0
0.591, -0.108962, -1.20879, 0
0.5915, -0.109567, -1.15534, 0
0.592, -0.110144, -1.1016, 0
0.5925, -0.110695, -1.04758, 0
0.593, -0.111219, -0.993281, 0
0.5935, -0.111716, -0.938728, 0
0.594, -0.112185, -0.883931, 0
0.5945, -0.112627, -0.828904, 0
0.595, -0.113041, -0.773661, 0
0.5955, -0.113428, -0.718214, 0
0.596, -0.113787, -0.662577, 0
0.5965, -0.114119, -0.606765, 0
0.597, -0.114422, -0.55079, 0
0.5975, -0.114697, -0.494665, 0
0.598, -0.114945, -0.438406, 0
0.5985, -0.115164, -0.382026, 0
0.599, -0.115355, -0.325538, 0
0.5995, -0.115518, -0.268956, 0
0.6, -0.115652, -0.212295, 0
0.6005, -0.115758, -0.155568, 0
0.601, -0.115836, -0.0987881, 0
0.6015, -0.115886, -0.0419704, 0
0.602, -0.115907, 0.0148714, 0
0.6025, -0.115899, 0.0717236, 0
0.603, -0.115863, 0.128572, 0
0.6035, -0.115799, 0.185403, 0
0.604, -0.115706, 0.242202, 0
0.6045, -0.115585, 0.298956, 0
0.605, -0.115436, 0.355651, 0
0.6055, -0.115258, 0.412272, 0
0.606, -0.115052, 0.468806, 0
0.6065, -0.114817, 0.525239, 0
0.607, -0.114555, 0.581557, 0
0.6075, -0.114264, 0.637746, 0
0.608, -0.113945, 0.693792, 0
0.6085, -0.113598, 0.749682, 0
0.609, -0.113223, 0.805402, 0
0.6095, -0.112821, 0.860938, 0
0.61, -0.11239, 0.916277, 0
0.6105, -0.111932, 0.971404, 0
0.611, -0.111446, 1.02631, 0
0.6115, -0.110933, 1.08097, 0
0.612, -0.110393, 1.13538, 0
0.6125, -0.109825, 1.18953, 0
0.613, -0.10923, 1.2434, 0
0.6135, -0.108608, 1.29698, 0
0.614, -0.10796, 1.35025, 0
0.6145, -0.107285, 1.4032, 0
0.615, -0.106583, 1.45583, 0
0.6155, -0.105855, 1.50811, 0
0.616, -0.105101, 1.56003, 0
0.6165, -0.104321, 1.61158, 0
0.617, -0.103516, 1.66275, 0
0.6175, -0.102684, 1.71353, 0
0.618, -0.101827, 1.76389, 0
0.6185, -0.100945, 1.81384, 0
0.619, -0.100039, 1.86335, 0
0.6195, -0.0991068, 1.91242, 0
0.62, -0.0981506, 1.96103, 0
0.6205, -0.0971701, 2.00918, 0
0.621, -0.0961655, 2.05684, 0
0.6215, -0.0951371, 2.10401, 0
0.622, -0.0940851, 2.15067, 0
0.6225, -0.0930098, 2.19682, 0
0.623, -0.0919113, 2.24244, 0
0.6235, -0.0907901, 2.28752, 0
0.624, -0.0896464, 2.33206, 0
0.6245, -0.0884803, 2.37603, 0
0.625, -0.0872923, 2.41943, 0
0.6255, -0.0860826, 2.46224, 0
0.626, -0.0848515, 2.50447, 0
0.6265, -0.0835992, 2.54609, 0
0.627, -0.0823262, 2.58709, 0
0.6275, -0.0810327, 2.62747, 0
0.628, -0.0797189, 2.66722, 0
0.6285, -0.0783853, 2.70632, 0
0.629, -0.0770321, 2.74477, 0
0.6295, -0.0756598, 2.78256, 0
0.63, -0.0742685, 2.81967, 0
0.6305, -0.0728587, 2.8561, 0
0.631, -0.0714306, 2.89183, 0
0.6315, -0.0699847, 2.92687, 0
0.632, -0.0685213, 2.9612, 0
0.6325, -0.0670407, 2.99481, 0
0.633, -0.0655433, 3.02769, 0
0.6335, -0.0640294, 3.05984, 0
0.634, -0.0624995, 3.09124, 0
0.6345, -0.0609539, 3.1219, 0
0.635, -0.0593929, 3.1518, 0
0.6355, -0.057817, 3.18093, 0
0.636, -0.0562266, 3.20929, 0
0.6365, -0.0546219, 3.23687, 0
0.637, -0.0530035, 3.26366, 0
0.6375, -0.0513716, 3.28966, 0
0.638, -0.0497268, 3.31486, 0
0.6385, -0.0480694, 3.33925, 0
0.639, -0.0463998, 3.36283, 0
0.6395, -0.0447183, 3.38559, 0
0.64, -0.0430256, 3.40752, 0
0.6405, -0.0413218, 3.42862, 0
0.641, -0.0396075, 3.44889, 0
0.6415, -0.037883, 3.46832, 0
0.642, -0.0361489, 3.4869, 0
0.6425, -0.0344054, 3.50463, 0
0.643, -0.0326531, 3.52151, 0
0.6435, -0.0308924, 3.53752, 0
0.644, -0.0291236, 3.55268, 0
0.6445, -0.0273473, 3.56696, 0
0.645, -0.0255638, 3.58038, 0
0.6455, -0.0237736, 3.59292, 0
0.646, -0.0219771, 3.60458, 0
0.6465, -0.0201748, 3.61536, 0
0.647, -0.0183672, 3.62525, 0
0.6475, -0.0165545, 3.63426, 0
0.648, -0.0147374, 3.64238, 0
0.6485, -0.0129162, 3.64961, 0
0.649, -0.0110914, 3.65594, 0
0.6495, -0.00926344, 3.66139, 0
0.65, -0.00743274, 3.66593, 0
0.6505, -0.00559978, 3.66957, 0
0.651, -0.00376499, 3.67232, 0
0.6515, -0.00192883, 3.67417, 0
0.652, -9.1747e-05, 3.67511, 0
0.6525, 0.00174581, 3.67516, 0
0.653, 0.00358339, 3.6743, 0
0.6535, 0.00542054, 3.67255, 0
0.654, 0.00725681, 3.66989, 0
0.6545, 0.00909176, 3.66633, 0
0.655, 0.0109249, 3.66187, 0
0.6555, 0.0127559, 3.65651, 0
0.656, 0.0145841, 3.65025, 0
0.6565, 0.0164092, 3.6431, 0
0.657, 0.0182308, 3.63505, 0
0.6575, 0.0200483, 3.62611, 0
0.658, 0.0218614, 3.61627, 0
0.6585, 0.0236695, 3.60555, 0
0.659, 0.0254723, 3.59394, 0
0.6595, 0.0272692, 3.58145, 0
0.66, 0.02906, 3.56807, 0
0.6605, 0.030844, 3.55382, 0
0.661, 0.0326209, 3.53869, 0
0.6615, 0.0343903, 3.52269, 0
0.662, 0.0361516, 3.50582, 0
0.6625, 0.0379045, 3.48809, 0
0.663, 0.0396486, 3.46949, 0
0.6635, 0.0413833, 3.45005, 0
0.664, 0.0431083, 3.42975, 0
0.6645, 0.0448232, 3.4086, 0
0.665, 0.0465275, 3.38662, 0
0.6655, 0.0482208, 3.3638, 0
0.666, 0.0499027, 3.34014, 0
0.6665, 0.0515728, 3.31567, 0
0.667, 0.0532306, 3.29037, 0
0.6675, 0.0548758, 3.26426, 0
0.668, 0.0565079, 3.23734, 0
0.6685, 0.0581266, 3.20963, 0
0.669, 0.0597314, 3.18112, 0
0.6695, 0.061322, 3.15182, 0
0.67, 0.0628979, 3.12174, 0
0.6705, 0.0644588, 3.09089, 0
0.671, 0.0660042, 3.05927, 0
0.6715, 0.0675338, 3.0269, 0
0.672, 0.0690473, 2.99377, 0
0.6725, 0.0705442, 2.9599, 0
0.673, 0.0720241, 2.9253, 0
0.6735, 0.0734868, 2.88997, 0
0.674, 0.0749318, 2.85393, 0
0.6745, 0.0763587, 2.81717, 0
0.675, 0.0777673, 2.77972, 0
0.6755, 0.0791572, 2.74158, 0
0.676, 0.080528, 2.70275, 0
0.6765, 0.0818793, 2.66325, 0
0.677, 0.083211, 2.62309, 0
0.6775, 0.0845225, 2.58227, 0
0.678, 0.0858136, 2.54081, 0
0.6785, 0.087084, 2.49872, 0
0.679, 0.0883334, 2.45601, 0
0.6795, 0.0895614, 2.41268, 0
0.68, 0.0907677, 2.36875, 0
0.6805, 0.0919521, 2.32423, 0
0.681, 0.0931142, 2.27913, 0
0.6815, 0.0942538, 2.23345, 0
0.682, 0.0953705, 2.18722, 0
0.6825, 0.0964641, 2.14044, 0
0.683, 0.0975344, 2.09313, 0
0.6835, 0.0985809, 2.04529, 0
0.684, 0.0996036, 1.99693, 0
0.6845, 0.100602, 1.94808, 0
0.685, 0.101576, 1.89873, 0
0.6855, 0.102525, 1.84891, 0
0.686, 0.10345, 1.79862, 0
0.6865, 0.104349, 1.74788, 0
0.687, 0.105223, 1.6967, 0
0.6875, 0.106071, 1.64508, 0
0.688, 0.106894, 1.59306, 0
0.6885, 0.107691, 1.54062, 0
0.689, 0.108461, 1.4878, 0
0.6895, 0.109205, 1.4346, 0
0.69, 0.109922, 1.38104, 0
0.6905, 0.110613, 1.32712, 0
0.691, 0.111276, 1.27286, 0
0.6915, 0.111913, 1.21828, 0
0.692, 0.112522, 1.16339, 0
0.6925, 0.113103, 1.1082, 0
0.693, 0.113658, 1.05272, 0
0.6935, 0.114184, 0.996972, 0
0.694, 0.114682, 0.940965, 0
0.6945, 0.115153, 0.884713, 0
0.695, 0.115595, 0.828231, 0
0.6955, 0.116009, 0.771531, 0
0.696, 0.116395, 0.714629, 0
0.6965, 0.116752, 0.657537, 0
0.697, 0.117081, 0.60027, 0
0.6975, 0.117381, 0.542841, 0
0.698, 0.117653, 0.485266, 0
0.6985, 0.117895, 0.427557, 0
0.699, 0.118109, 0.369729, 0
0.6995, 0.118294, 0.311797, 0
0.7, 0.11845, 0.253774, 0
0.7005, 0.118577, 0.195674, 0
0.701, 0.118675, 0.137512, 0
0.7015, 0.118743, 0.0793023, 0
0.702, 0.118783, 0.0210586, 0
0.7025, 0.118794, -0.0372044, 0
0.703, 0.118775, -0.0954727, 0
0.7035, 0.118727, -0.153732, 0
0.704, 0.11865, -0.211968, 0
0.7045, 0.118544, -0.270166, 0
0.705, 0.118409, -0.328312, 0
0.7055, 0.118245, -0.386391, 0
0.706, 0.118052, -0.444391, 0
0.7065, 0.11783, -0.502295, 0
0.707, 0.117579, -0.56009, 0
0.7075, 0.117299, -0.617763, 0
0.708, 0.11699, -0.675298, 0
0.7085, 0.116652, -0.732681, 0
0.709, 0.116286, -0.789899, 0
0.7095, 0.115891, -0.846937, 0
0.71, 0.115467, -0.903781, 0
0.7105, 0.115015, -0.960418, 0
0.711, 0.114535, -1.01683, 0
0.7115, 0.114027, -1.07301, 0
0.712, 0.11349, -1.12894, 0
0.7125, 0.112926, -1.18461, 0
0.713, 0.112333, -1.24, 0
0.7135, 0.111713, -1.2951, 0
0.714, 0.111066, -1.34989, 0
0.7145, 0.110391, -1.40437, 0
0.715, 0.109689, -1.45852, 0
0.7155, 0.10896, -1.51232, 0
0.716, 0.108203, -1.56577, 0
0.7165, 0.10742, -1.61884, 0
0.717, 0.106611, -1.67153, 0
0.7175, 0.105775, -1.72382, 0
0.718, 0.104913, -1.77571, 0
0.7185, 0.104026, -1.82717, 0
0.719, 0.103112, -1.87819, 0
0.7195, 0.102173, -1.92877, 0
0.72, 0.101208, -1.97888, 0
0.7205, 0.100219, -2.02852, 0
0.721, 0.0992048, -2.07768, 0
0.7215, 0.0981659, -2.12634, 0
0.722, 0.0971027, -2.17449, 0
0.7225, 0.0960155, -2.22212, 0
0.723, 0.0949044, -2.26922, 0
0.7235, 0.0937698, -2.31577, 0
0.724, 0.0926119, -2.36176, 0
0.7245, 0.0914311, -2.40719, 0
0.725, 0.0902275, -2.45204, 0
0.7255, 0.0890015, -2.49629, 0
0.726, 0.0877533, -2.53995, 0
0.7265, 0.0864833, -2.58299, 0
0.727, 0.0851918, -2.62541, 0
0.7275, 0.0838791, -2.6672, 0
0.728, 0.0825455, -2.70834, 0
0.7285, 0.0811914, -2.74883, 0
0.729, 0.079817, -2.78865, 0
0.7295, 0.0784226, -2.8278, 0
0.73, 0.0770087, -2.86627, 0
0.7305, 0.0755756, -2.90404, 0
0.731, 0.0741236, -2.94111, 0
0.7315, 0.072653, -2.97747, 0
0.732, 0.0711643, -3.01311, 0
0.7325, 0.0696577, -3.04801, 0
0.733, 0.0681337, -3.08218, 0
0.7335, 0.0665926, -3.1156, 0
0.734, 0.0650348, -3.14826, 0
0.7345, 0.0634607, -3.18016, 0
0.735, 0.0618706, -3.21129, 0
0.7355, 0.060265, -3.24164, 0
0.736, 0.0586442, -3.2712, 0
0.7365, 0.0570086, -3.29996, 0
0.737, 0.0553586, -3.32792, 0
0.7375, 0.0536946, -3.35508, 0
0.738, 0.0520171, -3.38141, 0
0.7385, 0.0503264, -3.40693, 0
0.739, 0.0486229, -3.43161, 0
0.7395, 0.0469071, -3.45546, 0
0.74, 0.0451794, -3.47847, 0
0.7405, 0.0434401, -3.50063, 0
0.741, 0.0416898, -3.52194, 0
0.7415, 0.0399289, -3.54239, 0
0.742, 0.0381577, -3.56197, 0
0.7425, 0.0363767, -3.58069, 0
0.743, 0.0345863, -3.59853, 0
0.7435, 0.0327871, -3.6155, 0
0.744, 0.0309793, -3.63158, 0
0.7445, 0.0291635, -3.64677, 0
0.745, 0.0273401, -3.66108, 0
0.7455, 0.0255096, -3.67449, 0
0.746, 0.0236723, -3.687, 0
0.7465, 0.0218288, -3.69861, 0
0.747, 0.0199795, -3.70932, 0
0.7475, 0.0181249, -3.71912, 0
0.748, 0.0162653, -3.72801, 0
0.7485, 0.0144013, -3.73599, 0
0.749, 0.0125333, -3.74305, 0
0.7495, 0.0106618, -3.7492, 0
0.75, 0.0087872, -3.75443, 0
0.7505, 0.00690998, -3.75874, 0
0.751, 0.00503061, -3.76213, 0
0.7515, 0.00314955, -3.7646, 0
0.752, 0.00126725, -3.76614, 0
0.7525, -0.000615822, -3.76676, 0
0.753, -0.0024992, -3.76646, 0
0.7535, -0.00438243, -3.76524, 0
0.754, -0.00626505, -3.76309, 0
0.7545, -0.00814659, -3.76001, 0
0.755, -0.0100266, -3.75602, 0
0.7555, -0.0119046, -3.7511, 0
0.756, -0.0137802, -3.74526, 0
0.7565, -0.0156528, -3.7385, 0
0.757, -0.017522, -3.73082, 0
0.7575, -0.0193874, -3.72223, 0
0.758, -0.0212486, -3.71272, 0
0.7585, -0.0231049, -3.7023, 0
0.759, -0.0249561, -3.69096, 0
0.7595, -0.0268016, -3.67872, 0
0.76, -0.0286409, -3.66558, 0
0.7605, -0.0304737, -3.65153, 0
0.761, -0.0322995, -3.63658, 0
0.7615, -0.0341178, -3.62074, 0
0.762, -0.0359281, -3.604, 0
0.7625, -0.0377301, -3.58638, 0
0.763, -0.0395233, -3.56787, 0
0.7635, -0.0413073, -3.54849, 0
0.764, -0.0430815, -3.52823, 0
0.7645, -0.0448456, -3.50709, 0
0.765, -0.0465992, -3.4851, 0
0.7655, -0.0483417, -3.46224, 0
0.766, -0.0500728, -3.43853, 0
0.7665, -0.0517921, -3.41397, 0
0.767, -0.0534991, -3.38856, 0
0.7675, -0.0551934, -3.36232, 0
0.768, -0.0568745, -3.33525, 0
0.7685, -0.0585421, -3.30735, 0
0.769, -0.0601958, -3.27864, 0
0.7695, -0.0618351, -3.24911, 0
0.77, -0.0634597, -3.21878, 0
0.7705, -0.0650691, -3.18766, 0
0.771, -0.0666629, -3.15574, 0
0.7715, -0.0682408, -3.12304, 0
0.772, -0.0698023, -3.08957, 0
0.7725, -0.0713471, -3.05533, 0
0.773, -0.0728748, -3.02034, 0
0.7735, -0.0743849, -2.98459, 0
0.774, -0.0758772, -2.9481, 0
0.7745, -0.0773513, -2.91089, 0
0.775, -0.0788067, -2.87295, 0
0.7755, -0.0802432, -2.83429, 0
0.776, -0.0816603, -2.79493, 0
0.7765, -0.0830578, -2.75488, 0
0.777, -0.0844352, -2.71414, 0
0.7775, -0.0857923, -2.67272, 0
0.778, -0.0871287, -2.63064, 0
0.7785, -0.088444, -2.5879, 0
0.779, -0.0897379, -2.54452, 0
0.7795, -0.0910102, -2.50051, 0
0.78, -0.0922605, -2.45587, 0
0.7805, -0.0934884, -2.41061, 0
0.781, -0.0946937, -2.36476, 0
0.7815, -0.0958761, -2.31831, 0
0.782, -0.0970352, -2.27128, 0
0.7825, -0.0981709, -2.22369, 0
0.783, -0.0992827, -2.17553, 0
0.7835, -0.10037, -2.12683, 0
0.784, -0.101434, -2.0776, 0
0.7845, -0.102473, -2.02785, 0
0.785, -0.103487, -1.97759, 0
0.7855, -0.104475, -1.92683, 0
0.786, -0.105439, -1.87558, 0
0.7865, -0.106377, -1.82386, 0
0.787, -0.107289, -1.77169, 0
0.7875, -0.108174, -1.71906, 0
0.788, -0.109034, -1.666, 0
0.7885, -0.109867, -1.61252, 0
0.789, -0.110673, -1.55863, 0
0.7895, -0.111452, -1.50435, 0
0.79, -0.112205, -1.44968, 0
0.7905, -0.11293, -1.39464, 0
0.791, -0.113627, -1.33925, 0
0.7915, -0.114296, -1.28352, 0
0.792, -0.114938, -1.22745, 0
0.7925, -0.115552, -1.17108, 0
0.793, -0.116137, -1.1144, 0
0.7935, -0.116695, -1.05743, 0
0.794, -0.117223, -1.00019, 0
0.7945, -0.117723, -0.942695, 0
0.795, -0.118195, -0.884952, 0
0.7955, -0.118637, -0.826978, 0
0.796, -0.119051, -0.768786, 0
0.7965, -0.119435, -0.710391, 0
0.797, -0.11979, -0.651809, 0
0.7975, -0.120116, -0.593051, 0
0.798, -0.120413, -0.534134, 0
0.7985, -0.12068, -0.475072, 0
0.799, -0.120917, -0.415878, 0
0.7995, -0.121125, -0.356568, 0
0.8, -0.121304, -0.297156, 0
0.8005, -0.121452, -0.237657, 0
0.801, -0.121571, -0.178085, 0
0.8015, -0.12166, -0.118454, 0
0.802, -0.121719, -0.0587797, 0
0.8025, -0.121749, 0.000923594, 0
0.803, -0.121748, 0.0606413, 0
0.8035, -0.121718, 0.120359, 0
0.804, -0.121658, 0.180061, 0
0.8045, -0.121568, 0.239735, 0
0.805, -0.121448, 0.299364, 0
0.8055, -0.121298, 0.358934, 0
0.806, -0.121119, 0.418431, 0
0.8065, -0.120909, 0.477839, 0
0.807, -0.120671, 0.537145, 0
0.8075, -0.120402, 0.596334, 0
0.808, -0.120104, 0.655391, 0
0.8085, -0.119776, 0.714302, 0
0.809, -0.119419, 0.773053, 0
0.8095, -0.119032, 0.831628, 0
0.81, -0.118617, 0.890013, 0
0.8105, -0.118172, 0.948194, 0
0.811, -0.117698, 1.00616, 0
0.8115, -0.117194, 1.06389, 0
0.812, -0.116663, 1.12137, 0
0.8125, -0.116102, 1.1786, 0
0.813, -0.115513, 1.23554, 0
0.8135, -0.114895, 1.2922, 0
0.814, -0.114249, 1.34856, 0
0.8145, -0.113574, 1.4046, 0
0.815, -0.112872, 1.46031, 0
0.8155, -0.112142, 1.51567, 0
0.816, -0.111384, 1.57067, 0
0.8165, -0.110599, 1.62531, 0
0.817, -0.109786, 1.67956, 0
0.8175, -0.108946, 1.73341, 0
0.818, -0.10808, 1.78685, 0
0.8185, -0.107186, 1.83986, 0
0.819, -0.106266, 1.89243, 0
0.8195, -0.10532, 1.94456, 0
0.82, -0.104348, 1.99622, 0
0.8205, -0.10335, 2.0474, 0
0.821, -0.102326, 2.09809, 0
0.8215, -0.101277, 2.14828, 0
0.822, -0.100203, 2.19796, 0
0.8225, -0.0991038, 2.24711, 0
0.823, -0.0979802, 2.29572, 0
0.8235, -0.0968324, 2.34378, 0
0.824, -0.0956605, 2.39127, 0
0.8245, -0.0944649, 2.4382, 0
0.825, -0.0932458, 2.48453, 0
0.8255, -0.0920035, 2.53027, 0
0.826, -0.0907384, 2.5754, 0
0.8265, -0.0894507, 2.6199, 0
0.827, -0.0881407, 2.66378, 0
0.8275, -0.0868088, 2.70701, 0
0.828, -0.0854553, 2.74959, 0
0.8285, -0.0840805, 2.79151, 0
0.829, -0.0826848, 2.83275, 0
0.8295, -0.0812684, 2.87331, 0
0.83, -0.0798317, 2.91317, 0
0.8305, -0.0783752, 2.95232, 0
0.831, -0.076899, 2.99077, 0
0.8315, -0.0754036, 3.02849, 0
0.832, -0.0738894, 3.06547, 0
0.8325, -0.0723566, 3.10172, 0
0.833, -0.0708058, 3.13721, 0
0.8335, -0.0692372, 3.17194, 0
0.834, -0.0676512, 3.2059, 0
0.8345, -0.0660483, 3.23908, 0
0.835, -0.0644287, 3.27148, 0
0.8355, -0.062793, 3.30308, 0
0.836, -0.0611414, 3.33388, 0
0.8365, -0.0594745, 3.36387, 0
0.837, -0.0577926, 3.39304, 0
0.8375, -0.056096, 3.42139, 0
0.838, -0.0543853, 3.4489, 0
0.8385, -0.0526609, 3.47558, 0
0.839, -0.0509231, 3.50141, 0
0.8395, -0.0491724, 3.52639, 0
0.84, -0.0474092, 3.55051, 0
0.8405, -0.045634, 3.57376, 0
0.841, -0.0438471, 3.59614, 0
0.8415, -0.042049, 3.61765, 0
0.842, -0.0402402, 3.63828, 0
0.8425, -0.038421, 3.65801, 0
0.843, -0.036592, 3.67686, 0
0.8435, -0.0347536, 3.69481, 0
0.844, -0.0329062, 3.71185, 0
0.8445, -0.0310503, 3.72799, 0
0.845, -0.0291863, 3.74323, 0
0.8455, -0.0273147, 3.75754, 0
0.846, -0.0254359, 3.77094, 0
0.8465, -0.0235504, 3.78342, 0
0.847, -0.0216587, 3.79497, 0
0.8475, -0.0197612, 3.80559, 0
0.848, -0.0178584, 3.81528, 0
0.8485, -0.0159508, 3.82404, 0
0.849, -0.0140388, 3.83187, 0
0.8495, -0.0121228, 3.83875, 0
0.85, -0.0102035, 3.8447, 0
0.8505, -0.00828111, 3.8497, 0
0.851, -0.00635626, 3.85377, 0
0.8515, -0.00442938, 3.85688, 0
0.852, -0.00250093, 3.85906, 0
0.8525, -0.000571407, 3.86028, 0
0.853, 0.00135873, 3.86056, 0
0.8535, 0.00328902, 3.8599, 0
0.854, 0.00521896, 3.85828, 0
0.8545, 0.00714811, 3.85572, 0
0.855, 0.00907597, 3.85222, 0
0.8555, 0.0110021, 3.84777, 0
0.856, 0.012926, 3.84237, 0
0.8565, 0.0148471, 3.83603, 0
0.857, 0.0167652, 3.82875, 0
0.8575, 0.0186795, 3.82052, 0
0.858, 0.0205898, 3.81136, 0
0.8585, 0.0224955, 3.80126, 0
0.859, 0.0243961, 3.79023, 0
0.8595, 0.0262912, 3.77826, 0
0.86, 0.0281803, 3.76537, 0
0.8605, 0.030063, 3.75154, 0
0.861, 0.0319388, 3.7368, 0
0.8615, 0.0338072, 3.72113, 0
0.862, 0.0356678, 3.70455, 0
0.8625, 0.03752, 3.68705, 0
0.863, 0.0393636, 3.66865, 0
0.8635, 0.0411979, 3.64934, 0
0.864, 0.0430226, 3.62913, 0
0.8645, 0.0448371, 3.60803, 0
0.865, 0.0466411, 3.58604, 0
0.8655, 0.0484342, 3.56316, 0
0.866, 0.0502157, 3.5394, 0
0.8665, 0.0519854, 3.51477, 0
0.867, 0.0537428, 3.48927, 0
0.8675, 0.0554875, 3.46291, 0
0.868, 0.0572189, 3.4357, 0
0.8685, 0.0589368, 3.40763, 0
0.869, 0.0606406, 3.37872, 0
0.8695, 0.06233, 3.34898, 0
0.87, 0.0640044, 3.31841, 0
0.8705, 0.0656636, 3.28701, 0
0.871, 0.0673072, 3.2548, 0
0.8715, 0.0689346, 3.22179, 0
0.872, 0.0705454, 3.18798, 0
0.8725, 0.0721394, 3.15337, 0
0.873, 0.0737161, 3.11799, 0
0.8735, 0.0752751, 3.08183, 0
0.874, 0.076816, 3.04491, 0
0.8745, 0.0783385, 3.00723, 0
0.875, 0.0798421, 2.96881, 0
0.8755, 0.0813265, 2.92964, 0
0.876, 0.0827913, 2.88975, 0
0.8765, 0.0842362, 2.84914, 0
0.877, 0.0856608, 2.80783, 0
0.8775, 0.0870647, 2.76581, 0
0.878, 0.0884476, 2.7231, 0
0.8785, 0.0898092, 2.67972, 0
0.879, 0.091149, 2.63567, 0
0.8795, 0.0924668, 2.59096, 0
0.88, 0.0937623, 2.54561, 0
0.8805, 0.0950351, 2.49962, 0
0.881, 0.0962849, 2.453, 0
0.8815, 0.0975114, 2.40577, 0
0.882, 0.0987143, 2.35794, 0
0.8825, 0.0998933, 2.30952, 0
0.883, 0.101048, 2.26053, 0
0.8835, 0.102178, 2.21096, 0
0.884, 0.103284, 2.16084, 0
0.8845, 0.104364, 2.11018, 0
0.885, 0.105419, 2.05899, 0
0.8855, 0.106449, 2.00728, 0
0.886, 0.107452, 1.95507, 0
0.8865, 0.10843, 1.90237, 0
0.887, 0.109381, 1.84918, 0
0.8875, 0.110306, 1.79553, 0
0.888, 0.111204, 1.74142, 0
0.8885, 0.112074, 1.68688, 0
0.889, 0.112918, 1.63191, 0
0.8895, 0.113734, 1.57652, 0
0.89, 0.114522, 1.52073, 0
0.8905, 0.115282, 1.46456, 0
0.891, 0.116015, 1.40802, 0
0.8915, 0.116719, 1.35111, 0
0.892, 0.117394, 1.29386, 0
0.8925, 0.118041, 1.23628, 0
0.893, 0.118659, 1.17838, 0
0.8935, 0.119248, 1.12018, 0
0.894, 0.119808, 1.06169, 0
0.8945, 0.120339, 1.00292, 0
0.895, 0.120841, 0.943893, 0
0.8955, 0.121313, 0.884621, 0
0.896, 0.121755, 0.825117, 0
0.8965, 0.122168, 0.765396, 0
0.897, 0.12255, 0.705473, 0
0.8975, 0.122903, 0.645362, 0
0.898, 0.123226, 0.585078, 0
0.8985, 0.123518, 0.524636, 0
0.899, 0.123781, 0.46405, 0
0.8995, 0.124013, 0.403336, 0
0.9, 0.124214, 0.342508, 0
0.9005, 0.124385, 0.28158, 0
0.901, 0.124526, 0.220569, 0
0.9015, 0.124637, 0.159489, 0
0.902, 0.124716, 0.098355, 0
0.9025, 0.124765, 0.0371816, 0
0.903, 0.124784, -0.0240158, 0
0.9035, 0.124772, -0.0852224, 0
0.904, 0.124729, -0.146423, 0
0.9045, 0.124656, -0.207603, 0
0.905, 0.124552, -0.268747, 0
0.9055, 0.124418, -0.32984, 0
0.906, 0.124253, -0.390867, 0
0.9065, 0.124058, -0.451813, 0
0.907, 0.123832, -0.512663, 0
0.9075, 0.123575, -0.573403, 0
0.908, 0.123289, -0.634017, 0
0.9085, 0.122972, -0.69449, 0
0.909, 0.122625, -0.754807, 0
0.9095, 0.122247, -0.814955, 0
0.91, 0.12184, -0.874917, 0
0.9105, 0.121402, -0.934679, 0
0.911, 0.120935, -0.994227, 0
0.9115, 0.120438, -1.05355, 0
0.912, 0.119911, -1.11262, 0
0.9125, 0.119355, -1.17144, 0
0.913, 0.118769, -1.22998, 0
0.9135, 0.118154, -1.28824, 0
0.914, 0.11751, -1.34619, 0
0.9145, 0.116837, -1.40383, 0
0.915, 0.116135, -1.46114, 0
0.9155, 0.115404, -1.5181, 0
0.916, 0.114645, -1.57471, 0
0.9165, 0.113858, -1.63094, 0
0.917, 0.113042, -1.68679, 0
0.9175, 0.112199, -1.74224, 0
0.918, 0.111328, -1.79727, 0
0.9185, 0.110429, -1.85188, 0
0.919, 0.109503, -1.90604, 0
0.9195, 0.10855, -1.95975, 0
0.92, 0.10757, -2.013, 0
0.9205, 0.106564, -2.06576, 0
0.921, 0.105531, -2.11803, 0
0.9215, 0.104472, -2.16979, 0
0.922, 0.103387, -2.22104, 0
0.9225, 0.102277, -2.27175, 0
0.923, 0.101141, -2.32191, 0
0.9235, 0.0999798, -2.37152, 0
0.924, 0.098794, -2.42056, 0
0.9245, 0.0975837, -2.46902, 0
0.925, 0.0963492, -2.51689, 0
0.9255, 0.0950908, -2.56415, 0
0.926, 0.0938087, -2.61079, 0
0.9265, 0.0925033, -2.6568, 0
0.927, 0.0911749, -2.70217, 0
0.9275, 0.0898238, -2.7469, 0
0.928, 0.0884504, -2.79095, 0
0.9285, 0.0870549, -2.83434, 0
0.929, 0.0856377, -2.87704, 0
0.9295, 0.0841992, -2.91904, 0
0.93, 0.0827397, -2.96034, 0
0.9305, 0.0812595, -3.00093, 0
0.931, 0.079759, -3.04079, 0
0.9315, 0.0782386, -3.07991, 0
0.932, 0.0766987, -3.11828, 0
0.9325, 0.0751395, -3.1559, 0
0.933, 0.0735616, -3.19276, 0
0.9335, 0.0719652, -3.22884, 0
0.934, 0.0703508, -3.26414, 0
0.9345, 0.0687187, -3.29865, 0
0.935, 0.0670694, -3.33235, 0
0.9355, 0.0654032, -3.36525, 0
0.936, 0.0637206, -3.39733, 0
0.9365, 0.0620219, -3.42859, 0
0.937, 0.0603076, -3.45901, 0
0.9375, 0.0585781, -3.48859, 0
0.938, 0.0568338, -3.51732, 0
0.9385, 0.0550752, -3.5452, 0
0.939, 0.0533026, -3.57221, 0
0.9395, 0.0515165, -3.59836, 0
0.94, 0.0497173, -3.62363, 0
0.9405, 0.0479055, -3.64801, 0
0.941, 0.0460815, -3.67151, 0
0.9415, 0.0442457, -3.69411, 0
0.942, 0.0423986, -3.71582, 0
0.9425, 0.0405407, -3.73661, 0
0.943, 0.0386724, -3.7565, 0
0.9435, 0.0367942, -3.77547, 0
0.944, 0.0349064, -3.79352, 0
0.9445, 0.0330097, -3.81064, 0
0.945, 0.0311044, -3.82683, 0
0.9455, 0.029191, -3.84209, 0
0.946, 0.0272699, -3.8564, 0
0.9465, 0.0253417, -3.86978, 0
0.947, 0.0234068, -3.88221, 0
0.9475, 0.0214657, -3.89369, 0
0.948, 0.0195189, -3.90422, 0
0.9485, 0.0175668, -3.91379, 0
0.949, 0.0156099, -3.92241, 0
0.9495, 0.0136487, -3.93007, 0
0.95, 0.0116836, -3.93676, 0
0.9505, 0.00971525, -3.94249, 0
0.951, 0.007744, -3.94726, 0
0.9515, 0.00577038, -3.95106, 0
0.952, 0.00379485, -3.95389, 0
0.9525, 0.00181791, -3.95575, 0
0.953, -0.000159968, -3.95664, 0
0.9535, -0.00213829, -3.95656, 0
0.954, -0.00411657, -3.95551, 0
0.9545, -0.00609432, -3.95349, 0
0.955, -0.00807107, -3.9505, 0
0.9555, -0.0100463, -3.94654, 0
0.956, -0.0120196, -3.94162, 0
0.9565, -0.0139904, -3.93572, 0
0.957, -0.0159583, -3.92886, 0
0.9575, -0.0179227, -3.92103, 0
0.958, -0.0198832, -3.91224, 0
0.9585, -0.0218393, -3.90249, 0
0.959, -0.0237906, -3.89178, 0
0.9595, -0.0257365, -3.88011, 0
0.96, -0.0276765, -3.86748, 0
0.9605, -0.0296103, -3.85391, 0
0.961, -0.0315372, -3.83938, 0
0.9615, -0.0334569, -3.82391, 0
0.962, -0.0353689, -3.8075, 0
0.9625, -0.0372726, -3.79016, 0
0.963, -0.0391677, -3.77187, 0
0.9635, -0.0410536, -3.75266, 0
0.964, -0.04293, -3.73252, 0
0.9645, -0.0447962, -3.71147, 0
0.965, -0.0466519, -3.68949, 0
0.9655, -0.0484967, -3.66661, 0
0.966, -0.05033, -3.64282, 0
0.9665, -0.0521514, -3.61814, 0
0.967, -0.0539605, -3.59256, 0
0.9675, -0.0557568, -3.56609, 0
0.968, -0.0575398, -3.53874, 0
0.9685, -0.0593092, -3.51052, 0
0.969, -0.0610644, -3.48143, 0
0.9695, -0.0628051, -3.45147, 0
0.97, -0.0645309, -3.42067, 0
0.9705, -0.0662412, -3.38902, 0
0.971, -0.0679357, -3.35652, 0
0.9715, -0.069614, -3.3232, 0
0.972, -0.0712756, -3.28906, 0
0.9725, -0.0729201, -3.2541, 0
0.973, -0.0745472, -3.21833, 0
0.9735, -0.0761563, -3.18176, 0
0.974, -0.0777472, -3.14441, 0
0.9745, -0.0793194, -3.10627, 0
0.975, -0.0808726, -3.06737, 0
0.9755, -0.0824062, -3.0277, 0
0.976, -0.0839201, -2.98728, 0
0.9765, -0.0854137, -2.94612, 0
0.977, -0.0868868, -2.90422, 0
0.9775, -0.0883389, -2.8616, 0
0.978, -0.0897697, -2.81827, 0
0.9785, -0.0911788, -2.77424, 0
0.979, -0.092566, -2.72952, 0
0.9795, -0.0939307, -2.68411, 0
0.98, -0.0952728, -2.63804, 0
0.9805, -0.0965918, -2.59131, 0
0.981, -0.0978874, -2.54393, 0
0.9815, -0.0991594, -2.49592, 0
0.982, -0.100407, -2.44728, 0
0.9825, -0.101631, -2.39803, 0
0.983, -0.10283, -2.34818, 0
0.9835, -0.104004, -2.29774, 0
0.984, -0.105153, -2.24673, 0
0.9845, -0.106276, -2.19515, 0
0.985, -0.107374, -2.14302, 0
0.9855, -0.108445, -2.09035, 0
0.986, -0.109491, -2.03716, 0
0.9865, -0.110509, -1.98346, 0
0.987, -0.111501, -1.92925, 0
0.9875, -0.112466, -1.87456, 0
0.988, -0.113403, -1.8194, 0
0.9885, -0.114313, -1.76377, 0
0.989, -0.115194, -1.7077, 0
0.9895, -0.116048, -1.6512, 0
0.99, -0.116874, -1.59428, 0
0.9905, -0.117671, -1.53695, 0
0.991, -0.118439, -1.47923, 0
0.9915, -0.119179, -1.42114, 0
0.992, -0.11989, -1.36268, 0
0.9925, -0.120571, -1.30388, 0
0.993, -0.121223, -1.24474, 0
0.9935, -0.121845, -1.18528, 0
0.994, -0.122438, -1.12551, 0
0.9945, -0.123001, -1.06545, 0
0.995, -0.123533, -1.00512, 0
0.9955, -0.124036, -0.94453, 0
0.996, -0.124508, -0.88369, 0
0.9965, -0.12495, -0.822619, 0
0.997, -0.125361, -0.761331, 0
0.9975, -0.125742, -0.699841, 0
0.998, -0.126092, -0.638165, 0
0.9985, -0.126411, -0.576317, 0
0.999, -0.126699, -0.514312, 0
0.9995, -0.126956, -0.452166, 0
1, -0.127182, -0.389894, 0
