0, -0.1, 0, 0
0.005, -0.0987763, 0.488495, 0
0.01, -0.095135, 0.965034, 0
0.015, -0.0891653, 1.41795, 0
0.02, -0.0810134, 1.83617, 0
0.025, -0.0708787, 2.20945, 0
0.03, -0.0590092, 2.52865, 0
0.035, -0.0456955, 2.78596, 0
0.04, -0.0312635, 2.97509, 0
0.045, -0.0160662, 3.0914, 0
0.05, -0.000475811, 3.13205, 0
0.055, 0.0151263, 3.09605, 0
0.06, 0.0303581, 2.98427, 0
0.065, 0.044847, 2.79945, 0
0.07, 0.0582382, 2.54612, 0
0.075, 0.0702041, 2.23047, 0
0.08, 0.0804517, 1.86023, 0
0.085, 0.0887304, 1.44446, 0
0.09, 0.0948373, 0.993344, 0
0.095, 0.0986232, 0.517913, 0
0.1, 0.0999953, 0.0298053, 0
0.105, 0.09892, -0.459031, 0
0.11, 0.0954237, -0.936633, 0
0.115, 0.0895919, -1.39131, 0
0.12, 0.0815674, -1.81194, 0
0.125, 0.0715466, -2.18822, 0
0.13, 0.0597747, -2.51094, 0
0.135, 0.0465398, -2.77221, 0
0.14, 0.0321659, -2.96563, 0
0.145, 0.0170047, -3.08647, 0
0.15, 0.00142739, -3.13176, 0
0.155, -0.0141849, -3.10041, 0
0.16, -0.02945, -2.99318, 0
0.165, -0.0439943, -2.81269, 0
0.17, -0.0574619, -2.56336, 0
0.175, -0.0695231, -2.25129, 0
0.18, -0.0798828, -1.88412, 0
0.185, -0.0882873, -1.47084, 0
0.19, -0.094531, -1.02156, 0
0.195, -0.0984612, -0.547283, 0
0.2, -0.0999815, -0.0596078, 0
0.205, -0.0990548, 0.429526, 0
0.21, -0.0957038, 0.908148, 0
0.215, -0.0900104, 1.36454, 0
0.22, -0.0821141, 1.78754, 0
0.225, -0.0722081, 2.16679, 0
0.23, -0.0605347, 2.49301, 0
0.235, -0.0473799, 2.75821, 0
0.24, -0.0330654, 2.9559, 0
0.245, -0.0179417, 3.08125, 0
0.25, -0.00237883, 3.13119, 0
0.255, 0.0132422, 3.10449, 0
0.26, 0.0285392, 3.00181, 0
0.265, 0.0431377, 2.82567, 0
0.27, 0.0566804, 2.58036, 0
0.275, 0.0688358, 2.2719, 0
0.28, 0.0793065, 1.90784, 0
0.285, 0.0878362, 1.49709, 0
0.29, 0.0942162, 1.04969, 0
0.295, 0.0982902, 0.576604, 0
0.3, 0.0999586, 0.0894047, 0
0.305, 0.0991806, -0.399982, 0
0.31, 0.0959751, -0.87958, 0
0.315, 0.0904207, -1.33765, 0
0.32, 0.0826533, -1.76298, 0
0.325, 0.072863, -2.14516, 0
0.33, 0.0612893, -2.47485, 0
0.335, 0.0482157, -2.74395, 0
0.34, 0.0339619, -2.94591, 0
0.345, 0.018877, -3.07576, 0
0.35, 0.00333005, -3.13033, 0
0.355, -0.0122984, -3.10829, 0
0.36, -0.0276258, -3.01018, 0
0.365, -0.0422771, -2.83839, 0
0.37, -0.0558937, -2.59713, 0
0.375, -0.0681423, -2.29231, 0
0.38, -0.0787231, -1.93139, 0
0.385, -0.0873772, -1.5232, 0
0.39, -0.0938928, -1.07772, 0
0.395, -0.0981104, -0.605872, 0
0.4, -0.0999267, -0.119193, 0
0.405, -0.0992974, 0.370402, 0
0.41, -0.0962378, 0.850933, 0
0.415, -0.0908229, 1.31064, 0
0.42, -0.083185, 1.73826, 0
0.425, -0.0735113, 2.12335, 0
0.43, -0.0620383, 2.45646, 0
0.435, -0.0490471, 2.72945, 0
0.44, -0.0348554, 2.93564, 0
0.445, -0.0198106, 3.06999, 0
0.45, -0.00428097, 3.12919, 0
0.455, 0.0113534, 3.11181, 0
0.46, 0.0267099, 3.01827, 0
0.465, 0.0414127, 2.85086, 0
0.47, 0.055102, 2.61367, 0
0.475, 0.0674426, 2.31252, 0
0.48, 0.0781326, 1.95476, 0
0.485, 0.0869103, 1.54917, 0
0.49, 0.0935609, 1.10566, 0
0.495, 0.0979217, 0.635086, 0
0.5, 0.0998858, 0.148971, 0
0.505, 0.0994053, -0.340789, 0
0.51, 0.0964918, -0.822208, 0
0.515, 0.0912168, -1.2835, 0
0.52, 0.0837092, -1.71339, 0
0.525, 0.0741529, -2.10134, 0
0.53, 0.0627817, -2.43785, 0
0.535, 0.049874, -2.71471, 0
0.54, 0.0357456, -2.92512, 0
0.545, 0.0207424, -3.06394, 0
0.55, 0.0052315, -3.12777, 0
0.555, -0.0104074, -3.11505, 0
0.56, -0.0257917, -3.02609, 0
0.565, -0.0405446, -2.86306, 0
0.57, -0.0543053, -2.62997, 0
0.575, -0.0667368, -2.33251, 0
0.58, -0.077535, -1.97796, 0
0.585, -0.0864355, -1.575, 0
0.59, -0.0932206, -1.13349, 0
0.595, -0.0977241, -0.664241, 0
0.6, -0.0998358, -0.178736, 0
0.605, -0.0995041, 0.311145, 0
0.61, -0.0967371, 0.79341, 0
0.615, -0.0916024, 1.25626, 0
0.62, -0.0842258, 1.68836, 0
0.625, -0.0747878, 2.07913, 0
0.63, -0.0635195, 2.41903, 0
0.635, -0.0506965, 2.69971, 0
0.64, -0.0366327, 2.91432, 0
0.645, -0.0216723, 3.05761, 0
0.65, -0.00618154, 3.12606, 0
0.655, 0.00946051, 3.118, 0
0.66, 0.024871, 3.03363, 0
0.665, 0.0396728, 2.87501, 0
0.67, 0.0535036, 2.64603, 0
0.675, 0.066025, 2.35229, 0
0.68, 0.0769304, 2.00097, 0
0.685, 0.0859529, 1.60069, 0
0.69, 0.0928718, 1.16122, 0
0.695, 0.0975176, 0.693337, 0
0.7, 0.0997768, 0.208483, 0
0.705, 0.0995939, -0.281473, 0
0.71, 0.0969735, -0.76454, 0
0.715, 0.0919798, -1.22889, 0
0.72, 0.0847348, -1.66317, 0
0.725, 0.075416, -2.05675, 0
0.73, 0.0642514, -2.39998, 0
0.735, 0.0515143, -2.68447, 0
0.74, 0.0375164, -2.90327, 0
0.745, 0.0226003, -3.05101, 0
0.75, 0.00713103, -3.12407, 0
0.755, -0.00851274, -3.12067, 0
0.76, -0.0239482, -3.0409, 0
0.765, -0.0387974, -2.8867, 0
0.77, -0.0526972, -2.66185, 0
0.775, -0.0653072, -2.37186, 0
0.78, -0.0763188, -2.02381, 0
0.785, -0.0854625, -1.62623, 0
0.79, -0.0925146, -1.18885, 0
0.795, -0.0973024, -0.72237, 0
0.8, -0.0997087, -0.238212, 0
0.805, -0.0996747, 0.251775, 0
0.81, -0.0972012, 0.7356, 0
0.815, -0.0923488, 1.20142, 0
0.82, -0.0852361, 1.63784, 0
0.825, -0.0760373, 2.03417, 0
0.83, -0.0649775, 2.38072, 0
0.835, -0.0523275, 2.66899, 0
0.84, -0.0383967, 2.89195, 0
0.845, -0.0235262, 3.04412, 0
0.85, -0.00807987, 3.1218, 0
0.855, 0.00756419, 3.12306, 0
0.86, 0.0230231, 3.04789, 0
0.865, 0.0379186, 2.89813, 0
0.87, 0.0518859, 2.67743, 0
0.875, 0.0645834, 2.39121, 0
0.88, 0.0757003, 2.04646, 0
0.885, 0.0849644, 1.65162, 0
0.89, 0.092149, 1.21637, 0
0.895, 0.0970783, 0.751337, 0
0.9, 0.0996316, 0.26792, 0
0.905, 0.0997465, -0.222055, 0
0.91, 0.0974201, -0.706594, 0
0.915, 0.0927094, -1.17384, 0
0.92, 0.0857297, -1.61236, 0
0.925, 0.0766518, -2.01141, 0
0.93, 0.0656978, -2.36124, 0
0.935, 0.0531359, -2.65327, 0
0.94, 0.0392735, -2.88037, 0
0.945, 0.0244499, -3.03697, 0
0.95, 0.00902796, -3.11924, 0
0.955, -0.00661497, -3.12517, 0
0.96, -0.022096, -3.05461, 0
0.965, -0.0370362, -2.90929, 0
0.97, -0.05107, -2.69277, 0
0.975, -0.0638539, -2.41034, 0
0.98, -0.0750749, -2.06892, 0
0.985, -0.0844585, -1.67687, 0
0.99, -0.0917751, -1.24377, 0
0.995, -0.0968454, -0.780236, 0
1, -0.0995455, -0.297602, 0
