0, 0, 0, 0
0.005, 0, 0, 0.05
0.01, 0, 0.00467143, 0.0975
0.015, 2.33571e-05, 0.0133865, 0.142625
0.02, 9.02895e-05, 0.0256305, 0.185495
0.025, 0.000218442, 0.0409765, 0.226225
0.03, 0.000423325, 0.0590661, 0.264924
0.035, 0.000718655, 0.0795957, 0.301699
0.04, 0.00111663, 0.102306, 0.33665
0.045, 0.00162816, 0.126972, 0.369874
0.05, 0.00226302, 0.153401, 0.401461
0.055, 0.00303003, 0.181424, 0.431501
0.06, 0.00393715, 0.210891, 0.460078
0.065, 0.0049916, 0.24167, 0.487271
0.07, 0.00619995, 0.273646, 0.513157
0.075, 0.00756818, 0.306713, 0.537809
0.08, 0.00910175, 0.34078, 0.561297
0.085, 0.0108056, 0.375762, 0.583687
0.09, 0.0126845, 0.411583, 0.605043
0.095, 0.0147424, 0.448175, 0.625425
0.1, 0.0169832, 0.485477, 0.644891
0.105, 0.0194106, 0.523432, 0.663496
0.11, 0.0220278, 0.561987, 0.681291
0.115, 0.0248377, 0.601096, 0.698328
0.12, 0.0278432, 0.640716, 0.714654
0.125, 0.0310468, 0.680807, 0.730313
0.13, 0.0344508, 0.721332, 0.74535
0.135, 0.0380575, 0.762257, 0.759805
0.14, 0.0418688, 0.803552, 0.773718
0.145, 0.0458865, 0.845186, 0.787125
0.15, 0.0501125, 0.887134, 0.800063
0.155, 0.0545481, 0.929371, 0.812566
0.16, 0.059195, 0.971872, 0.824665
0.165, 0.0640544, 1.01462, 0.836391
0.17, 0.0691274, 1.05759, 0.847774
0.175, 0.0744154, 1.10076, 0.858842
0.18, 0.0799192, 1.14412, 0.869621
0.185, 0.0856398, 1.18766, 0.880136
0.19, 0.0915781, 1.23134, 0.890411
0.195, 0.0977348, 1.27517, 0.900469
0.2, 0.104111, 1.31913, 0.910333
0.205, 0.110706, 1.36321, 0.920021
0.21, 0.117522, 1.40739, 0.929556
0.215, 0.124559, 1.45166, 0.938954
0.22, 0.131818, 1.49601, 0.948234
0.225, 0.139298, 1.54044, 0.957413
0.23, 0.147, 1.58493, 0.966508
0.235, 0.154925, 1.62948, 0.975532
0.24, 0.163072, 1.67408, 0.984502
0.245, 0.171442, 1.71871, 0.99343
0.25, 0.180036, 1.76338, 1.00233
0.255, 0.188853, 1.80808, 1.01122
0.26, 0.197893, 1.8528, 1.0201
0.265, 0.207157, 1.89753, 1.02899
0.27, 0.216645, 1.94227, 1.0379
0.275, 0.226356, 1.98702, 1.04683
0.28, 0.236291, 2.03177, 1.05581
0.285, 0.24645, 2.07651, 1.06483
0.29, 0.256833, 2.12125, 1.07391
0.295, 0.267439, 2.16597, 1.08306
0.3, 0.278269, 2.21068, 1.09228
0.305, 0.289322, 2.25537, 1.10158
0.31, 0.300599, 2.30004, 1.11097
0.315, 0.312099, 2.34468, 1.12045
0.32, 0.323823, 2.3893, 1.13003
0.325, 0.335769, 2.43389, 1.13972
0.33, 0.347939, 2.47844, 1.14952
0.335, 0.360331, 2.52297, 1.15944
0.34, 0.372946, 2.56745, 1.16949
0.345, 0.385783, 2.6119, 1.17966
0.35, 0.398842, 2.65631, 1.18997
0.355, 0.412124, 2.70069, 1.20041
0.36, 0.425627, 2.74502, 1.211
0.365, 0.439353, 2.7893, 1.22173
0.37, 0.453299, 2.83355, 1.23261
0.375, 0.467467, 2.87775, 1.24364
0.38, 0.481856, 2.92191, 1.25483
0.385, 0.496465, 2.96602, 1.26619
0.39, 0.511295, 3.01009, 1.2777
0.395, 0.526346, 3.05411, 1.28938
0.4, 0.541616, 3.09808, 1.30123
0.405, 0.557107, 3.142, 1.31325
0.41, 0.572817, 3.18588, 1.32544
0.415, 0.588746, 3.22972, 1.33781
0.42, 0.604895, 3.2735, 1.35036
0.425, 0.621262, 3.31724, 1.36308
0.43, 0.637848, 3.36093, 1.37599
0.435, 0.654653, 3.40457, 1.38908
0.44, 0.671676, 3.44817, 1.40236
0.445, 0.688917, 3.49172, 1.41583
0.45, 0.706375, 3.53523, 1.42948
0.455, 0.724051, 3.57869, 1.44333
0.46, 0.741945, 3.6221, 1.45736
0.465, 0.760055, 3.66547, 1.47159
0.47, 0.778383, 3.7088, 1.48602
0.475, 0.796927, 3.75208, 1.50063
0.48, 0.815687, 3.79532, 1.51545
0.485, 0.834664, 3.83851, 1.53046
0.49, 0.853856, 3.88167, 1.54567
0.495, 0.873265, 3.92478, 1.56108
0.5, 0.892888, 3.96785, 1.57669
0.505, 0.912728, 4.01088, 1.5925
0.51, 0.932782, 4.05387, 1.60851
0.515, 0.953051, 4.09682, 1.62472
0.52, 0.973536, 4.13974, 1.64114
0.525, 0.994234, 4.18261, 1.65776
0.53, 1.01515, 4.22545, 1.67458
0.535, 1.03627, 4.26826, 1.69161
0.54, 1.05762, 4.31103, 1.70885
0.545, 1.07917, 4.35376, 1.72628
0.55, 1.10094, 4.39646, 1.74393
0.555, 1.12292, 4.43913, 1.76178
0.56, 1.14512, 4.48177, 1.77984
0.565, 1.16753, 4.52437, 1.7981
0.57, 1.19015, 4.56695, 1.81657
0.575, 1.21298, 4.60949, 1.83525
0.58, 1.23603, 4.65201, 1.85414
0.585, 1.25929, 4.69449, 1.87323
0.59, 1.28276, 4.73695, 1.89253
0.595, 1.30645, 4.77939, 1.91205
0.6, 1.33034, 4.82179, 1.93177
0.605, 1.35445, 4.86417, 1.9517
0.61, 1.37877, 4.90653, 1.97183
0.615, 1.40331, 4.94886, 1.99218
0.62, 1.42805, 4.99117, 2.01274
0.625, 1.45301, 5.03346, 2.0335
0.63, 1.47817, 5.07573, 2.05448
0.635, 1.50355, 5.11798, 2.07566
0.64, 1.52914, 5.1602, 2.09706
0.645, 1.55494, 5.20241, 2.11866
0.65, 1.58096, 5.2446, 2.14048
0.655, 1.60718, 5.28677, 2.1625
0.66, 1.63361, 5.32892, 2.18473
0.665, 1.66026, 5.37106, 2.20718
0.67, 1.68711, 5.41318, 2.22983
0.675, 1.71418, 5.45528, 2.2527
0.68, 1.74146, 5.49737, 2.27577
0.685, 1.76894, 5.53945, 2.29905
0.69, 1.79664, 5.58151, 2.32255
0.695, 1.82455, 5.62357, 2.34625
0.7, 1.85267, 5.6656, 2.37017
0.705, 1.88099, 5.70763, 2.39429
0.71, 1.90953, 5.74965, 2.41863
0.715, 1.93828, 5.79166, 2.44317
0.72, 1.96724, 5.83365, 2.46793
0.725, 1.99641, 5.87564, 2.49289
0.73, 2.02578, 5.91762, 2.51807
0.735, 2.05537, 5.95959, 2.54345
0.74, 2.08517, 6.00156, 2.56905
0.745, 2.11518, 6.04351, 2.59486
0.75, 2.1454, 6.08546, 2.62087
0.755, 2.17582, 6.12741, 2.6471
0.76, 2.20646, 6.16935, 2.67354
0.765, 2.23731, 6.21128, 2.70018
0.77, 2.26836, 6.25321, 2.72704
0.775, 2.29963, 6.29514, 2.7541
0.78, 2.3311, 6.33706, 2.78138
0.785, 2.36279, 6.37898, 2.80887
0.79, 2.39469, 6.42089, 2.83656
0.795, 2.42679, 6.46281, 2.86447
0.8, 2.4591, 6.50472, 2.89258
0.805, 2.49163, 6.54663, 2.92091
0.81, 2.52436, 6.58854, 2.94945
0.815, 2.5573, 6.63045, 2.97819
0.82, 2.59046, 6.67236, 3.00715
0.825, 2.62382, 6.71427, 3.03631
0.83, 2.65739, 6.75618, 3.06569
0.835, 2.69117, 6.79809, 3.09527
0.84, 2.72516, 6.84001, 3.12507
0.845, 2.75936, 6.88192, 3.15507
0.85, 2.79377, 6.92384, 3.18529
0.855, 2.82839, 6.96576, 3.21571
0.86, 2.86322, 7.00768, 3.24635
0.865, 2.89826, 7.0496, 3.27719
0.87, 2.9335, 7.09153, 3.30824
0.875, 2.96896, 7.13346, 3.33951
0.88, 3.00463, 7.1754, 3.37098
0.885, 3.04051, 7.21734, 3.40266
0.89, 3.07659, 7.25928, 3.43455
0.895, 3.11289, 7.30123, 3.46665
0.9, 3.1494, 7.34318, 3.49897
0.905, 3.18611, 7.38514, 3.53149
0.91, 3.22304, 7.42711, 3.56422
0.915, 3.26017, 7.46908, 3.59716
0.92, 3.29752, 7.51105, 3.63031
0.925, 3.33507, 7.55303, 3.66367
0.93, 3.37284, 7.59502, 3.69724
0.935, 3.41081, 7.63702, 3.73102
0.94, 3.449, 7.67902, 3.76501
0.945, 3.48739, 7.72103, 3.79921
0.95, 3.526, 7.76305, 3.83362
0.955, 3.56481, 7.80507, 3.86824
0.96, 3.60384, 7.8471, 3.90307
0.965, 3.64307, 7.88914, 3.93811
0.97, 3.68252, 7.93119, 3.97335
0.975, 3.72218, 7.97324, 4.00881
0.98, 3.76204, 8.01531, 4.04448
0.985, 3.80212, 8.05738, 4.08036
0.99, 3.84241, 8.09946, 4.11645
0.995, 3.8829, 8.14155, 4.15274
1, 3.92361, 8.18365, 4.18925
1.005, 3.96453, 8.22576, 4.22597
1.01, 4.00566, 8.26788, 4.2629
1.015, 4.047, 8.31001, 4.30004
1.02, 4.08855, 8.35214, 4.33738
1.025, 4.13031, 8.39429, 4.37494
1.03, 4.17228, 8.43645, 4.41271
1.035, 4.21446, 8.47861, 4.45069
1.04, 4.25685, 8.52079, 4.48888
1.045, 4.29946, 8.56298, 4.52728
1.05, 4.34227, 8.60518, 4.56589
1.055, 4.3853, 8.64738, 4.60471
1.06, 4.42854, 8.6896, 4.64373
1.065, 4.47198, 8.73183, 4.68297
1.07, 4.51564, 8.77407, 4.72243
1.075, 4.55951, 8.81632, 4.76209
1.08, 4.6036, 8.85858, 4.80196
1.085, 4.64789, 8.90086, 4.84204
1.09, 4.69239, 8.94314, 4.88233
1.095, 4.73711, 8.98544, 4.92284
1.1, 4.78204, 9.02774, 4.96355
1.105, 4.82717, 9.07006, 5.00447
1.11, 4.87252, 9.11239, 5.04561
1.115, 4.91809, 9.15473, 5.08695
1.12, 4.96386, 9.19708, 5.12851
1.125, 5.00985, 9.23945, 5.17028
1.13, 5.05604, 9.28182, 5.21226
1.135, 5.10245, 9.32421, 5.25445
1.14, 5.14907, 9.36661, 5.29685
1.145, 5.19591, 9.40902, 5.33946
1.15, 5.24295, 9.45145, 5.38228
1.155, 5.29021, 9.49388, 5.42531
1.16, 5.33768, 9.53633, 5.46856
1.165, 5.38536, 9.57879, 5.51201
1.17, 5.43325, 9.62126, 5.55568
1.175, 5.48136, 9.66374, 5.59956
1.18, 5.52968, 9.70624, 5.64365
1.185, 5.57821, 9.74875, 5.68795
1.19, 5.62695, 9.79127, 5.73246
1.195, 5.67591, 9.8338, 5.77719
1.2, 5.72508, 9.87635, 5.82212
1.205, 5.77446, 9.91891, 5.86727
1.21, 5.82406, 9.96148, 5.91263
1.215, 5.87386, 10.0041, 5.9582
1.22, 5.92388, 10.0467, 6.00399
1.225, 5.97412, 10.0893, 6.04998
1.23, 6.02456, 10.1319, 6.09619
1.235, 6.07522, 10.1745, 6.14261
1.24, 6.12609, 10.2172, 6.18924
1.245, 6.17718, 10.2598, 6.23608
1.25, 6.22848, 10.3025, 6.28314
1.255, 6.27999, 10.3452, 6.3304
1.26, 6.33172, 10.3879, 6.37788
1.265, 6.38366, 10.4306, 6.42557
1.27, 6.43581, 10.4733, 6.47348
1.275, 6.48818, 10.516, 6.52159
1.28, 6.54076, 10.5588, 6.56992
1.285, 6.59355, 10.6015, 6.61847
1.29, 6.64656, 10.6443, 6.66722
1.295, 6.69978, 10.6871, 6.71619
1.3, 6.75322, 10.7299, 6.76537
1.305, 6.80686, 10.7727, 6.81476
1.31, 6.86073, 10.8155, 6.86436
1.315, 6.91481, 10.8584, 6.91418
1.32, 6.9691, 10.9012, 6.96421
1.325, 7.0236, 10.9441, 7.01446
1.33, 7.07832, 10.9869, 7.06491
1.335, 7.13326, 11.0298, 7.11559
1.34, 7.18841, 11.0727, 7.16647
1.345, 7.24377, 11.1156, 7.21757
1.35, 7.29935, 11.1586, 7.26888
1.355, 7.35514, 11.2015, 7.3204
1.36, 7.41115, 11.2445, 7.37214
1.365, 7.46737, 11.2874, 7.42409
1.37, 7.52381, 11.3304, 7.47625
1.375, 7.58046, 11.3734, 7.52863
1.38, 7.63733, 11.4164, 7.58122
1.385, 7.69441, 11.4594, 7.63403
1.39, 7.75171, 11.5024, 7.68705
1.395, 7.80922, 11.5455, 7.74028
1.4, 7.86695, 11.5885, 7.79373
1.405, 7.92489, 11.6316, 7.84739
1.41, 7.98305, 11.6747, 7.90126
1.415, 8.04142, 11.7177, 7.95535
1.42, 8.10001, 11.7608, 8.00965
1.425, 8.15881, 11.804, 8.06417
1.43, 8.21783, 11.8471, 8.1189
1.435, 8.27707, 11.8902, 8.17385
1.44, 8.33652, 11.9334, 8.22901
1.445, 8.39619, 11.9765, 8.28439
1.45, 8.45607, 12.0197, 8.33998
1.455, 8.51617, 12.0629, 8.39578
1.46, 8.57648, 12.1061, 8.4518
1.465, 8.63701, 12.1493, 8.50804
1.47, 8.69776, 12.1925, 8.56448
1.475, 8.75872, 12.2358, 8.62115
1.48, 8.8199, 12.279, 8.67803
1.485, 8.8813, 12.3223, 8.73512
1.49, 8.94291, 12.3656, 8.79243
1.495, 9.00474, 12.4089, 8.84995
1.5, 9.06678, 12.4522, 8.90769
1.505, 9.12904, 12.4955, 8.96565
1.51, 9.19152, 12.5388, 9.02382
1.515, 9.25421, 12.5821, 9.0822
1.52, 9.31712, 12.6255, 9.1408
1.525, 9.38025, 12.6688, 9.19962
1.53, 9.44359, 12.7122, 9.25865
1.535, 9.50716, 12.7556, 9.3179
1.54, 9.57093, 12.799, 9.37736
1.545, 9.63493, 12.8424, 9.43704
1.55, 9.69914, 12.8858, 9.49693
1.555, 9.76357, 12.9292, 9.55704
1.56, 9.82822, 12.9727, 9.61737
1.565, 9.89308, 13.0162, 9.67791
1.57, 9.95816, 13.0596, 9.73867
1.575, 10.0235, 13.1031, 9.79964
1.58, 10.089, 13.1466, 9.86084
1.585, 10.1547, 13.1901, 9.92224
1.59, 10.2207, 13.2336, 9.98387
1.595, 10.2868, 13.2771, 10.0457
1.6, 10.3532, 13.3207, 10.1078
1.605, 10.4198, 13.3642, 10.17
1.61, 10.4866, 13.4078, 10.2325
1.615, 10.5537, 13.4514, 10.2952
1.62, 10.6209, 13.4949, 10.3582
1.625, 10.6884, 13.5385, 10.4213
1.63, 10.7561, 13.5821, 10.4846
1.635, 10.824, 13.6258, 10.5482
1.64, 10.8921, 13.6694, 10.612
1.645, 10.9605, 13.713, 10.676
1.65, 11.029, 13.7567, 10.7402
1.655, 11.0978, 13.8004, 10.8047
1.66, 11.1668, 13.844, 10.8693
1.665, 11.2361, 13.8877, 10.9342
1.67, 11.3055, 13.9314, 10.9993
1.675, 11.3752, 13.9751, 11.0646
1.68, 11.445, 14.0189, 11.1301
1.685, 11.5151, 14.0626, 11.1959
1.69, 11.5854, 14.1063, 11.2618
1.695, 11.656, 14.1501, 11.328
1.7, 11.7267, 14.1939, 11.3944
1.705, 11.7977, 14.2376, 11.461
1.71, 11.8689, 14.2814, 11.5279
1.715, 11.9403, 14.3252, 11.5949
1.72, 12.0119, 14.369, 11.6622
1.725, 12.0838, 14.4129, 11.7297
1.73, 12.1558, 14.4567, 11.7974
1.735, 12.2281, 14.5005, 11.8653
1.74, 12.3006, 14.5444, 11.9334
1.745, 12.3733, 14.5883, 12.0018
1.75, 12.4463, 14.6321, 12.0704
1.755, 12.5194, 14.676, 12.1392
1.76, 12.5928, 14.7199, 12.2082
1.765, 12.6664, 14.7638, 12.2774
1.77, 12.7402, 14.8077, 12.3469
1.775, 12.8143, 14.8517, 12.4165
1.78, 12.8885, 14.8956, 12.4864
1.785, 12.963, 14.9396, 12.5565
1.79, 13.0377, 14.9835, 12.6268
1.795, 13.1126, 15.0275, 12.6974
1.8, 13.1878, 15.0715, 12.7682
1.805, 13.2631, 15.1155, 12.8391
1.81, 13.3387, 15.1595, 12.9103
1.815, 13.4145, 15.2035, 12.9817
1.82, 13.4905, 15.2475, 13.0534
1.825, 13.5667, 15.2915, 13.1252
1.83, 13.6432, 15.3356, 13.1973
1.835, 13.7199, 15.3796, 13.2696
1.84, 13.7968, 15.4237, 13.3421
1.845, 13.8739, 15.4678, 13.4149
1.85, 13.9512, 15.5119, 13.4878
1.855, 14.0288, 15.556, 13.561
1.86, 14.1066, 15.6001, 13.6344
1.865, 14.1846, 15.6442, 13.708
1.87, 14.2628, 15.6883, 13.7818
1.875, 14.3412, 15.7324, 13.8559
1.88, 14.4199, 15.7766, 13.9301
1.885, 14.4988, 15.8207, 14.0046
1.89, 14.5779, 15.8649, 14.0793
1.895, 14.6572, 15.9091, 14.1543
1.9, 14.7368, 15.9533, 14.2294
1.905, 14.8165, 15.9975, 14.3048
1.91, 14.8965, 16.0417, 14.3804
1.915, 14.9767, 16.0859, 14.4562
1.92, 15.0571, 16.1301, 14.5322
1.925, 15.1378, 16.1743, 14.6084
1.93, 15.2187, 16.2186, 14.6849
1.935, 15.2998, 16.2628, 14.7616
1.94, 15.3811, 16.3071, 14.8385
1.945, 15.4626, 16.3514, 14.9156
1.95, 15.5444, 16.3957, 14.993
1.955, 15.6263, 16.44, 15.0705
1.96, 15.7085, 16.4843, 15.1483
1.965, 15.791, 16.5286, 15.2263
1.97, 15.8736, 16.5729, 15.3046
1.975, 15.9565, 16.6172, 15.383
1.98, 16.0396, 16.6616, 15.4617
1.985, 16.1229, 16.7059, 15.5406
1.99, 16.2064, 16.7503, 15.6197
1.995, 16.2901, 16.7946, 15.699
2, 16.3741, 16.839, 15.7786
