SV-ND.txt - Vessel Number 1
m = 1 A = 0.1 K = 0 y0 = -0.1 v0 = 0 h0 = 0
t yn vn hn
yBar = 0.01
deltaT = 0.005
0, -0.1, 0, 0
0.005, -0.1, 0.4905, 0
0.01, -0.0975475, 0.59644, 0
0.015, -0.0945653, 0.700812, 0
0.02, -0.0910612, 0.804058, 0
0.025, -0.0870409, 0.906439, 0
0.03, -0.0825088, 1.00813, 0
0.035, -0.0774681, 1.10924, 0
0.04, -0.0719219, 1.20986, 0
0.045, -0.0658726, 1.31005, 0
0.05, -0.0593224, 1.40985, 0
0.055, -0.0522732, 1.50931, 0
0.06, -0.0447266, 1.60845, 0
0.065, -0.0366844, 1.7073, 0
0.07, -0.0281479, 1.80588, 0
0.075, -0.0191185, 1.9042, 0
0.08, -0.0095975, 2.00227, 0
0.085, 0.000413869, 2.10012, 0
0.09, 0.0109145, 2.19775, 0
0.095, 0.0219032, 2.29516, 0
0.1, 0.033379, 2.39237, 0
0.105, 0.0453408, 2.48938, 0
0.11, 0.0577877, 2.58619, 0
0.115, 0.0707187, 2.68283, 0
0.12, 0.0841328, 2.77927, 0
0.125, 0.0980292, 2.87554, 0
0.13, 0.112407, 2.97164, 0
0.135, 0.127265, 3.06756, 0
0.14, 0.142603, 3.16331, 0
0.145, 0.158419, 3.2589, 0
0.15, 0.174714, 3.35432, 0
0.155, 0.191485, 3.44958, 0
0.16, 0.208733, 3.54468, 0
0.165, 0.226457, 3.63963, 0
0.17, 0.244655, 3.73441, 0
0.175, 0.263327, 3.82905, 0
0.18, 0.282472, 3.92353, 0
0.185, 0.30209, 4.01786, 0
0.19, 0.322179, 4.11203, 0
0.195, 0.342739, 4.20606, 0
0.2, 0.36377, 4.29994, 0
0.205, 0.385269, 4.39367, 0
0.21, 0.407238, 4.48726, 0
0.215, 0.429674, 4.5807, 0
0.22, 0.452577, 4.67399, 0
0.225, 0.475947, 4.76715, 0
0.23, 0.499783, 4.86015, 0
0.235, 0.524084, 4.95302, 0
0.24, 0.548849, 5.04574, 0
0.245, 0.574078, 5.13832, 0
0.25, 0.599769, 5.23076, 0
0.255, 0.625923, 5.32306, 0
0.26, 0.652538, 5.41522, 0
0.265, 0.679615, 5.50724, 0
0.27, 0.707151, 5.59912, 0
0.275, 0.735146, 5.69086, 0
0.28, 0.763601, 5.78247, 0
0.285, 0.792513, 5.87393, 0
0.29, 0.821883, 5.96526, 0
0.295, 0.851709, 6.05645, 0
0.3, 0.881991, 6.1475, 0
0.305, 0.912729, 6.23841, 0
0.31, 0.943921, 6.32919, 0
0.315, 0.975567, 6.41983, 0
0.32, 1.00767, 6.51034, 0
0.325, 1.04022, 6.60071, 0
0.33, 1.07322, 6.69094, 0
0.335, 1.10668, 6.78104, 0
0.34, 1.14058, 6.871, 0
0.345, 1.17494, 6.96083, 0
0.35, 1.20974, 7.05052, 0
0.355, 1.24499, 7.14008, 0
0.36, 1.28069, 7.2295, 0
0.365, 1.31684, 7.31879, 0
0.37, 1.35343, 7.40794, 0
0.375, 1.39047, 7.49696, 0
0.38, 1.42796, 7.58584, 0
0.385, 1.46589, 7.67459, 0
0.39, 1.50426, 7.76321, 0
0.395, 1.54308, 7.85169, 0
0.4, 1.58234, 7.94004, 0
0.405, 1.62204, 8.02825, 0
0.41, 1.66218, 8.11633, 0
0.415, 1.70276, 8.20428, 0
0.42, 1.74378, 8.29209, 0
0.425, 1.78524, 8.37977, 0
0.43, 1.82714, 8.46731, 0
0.435, 1.86948, 8.55473, 0
0.44, 1.91225, 8.64201, 0
0.445, 1.95546, 8.72915, 0
0.45, 1.99911, 8.81616, 0
0.455, 2.04319, 8.90304, 0
0.46, 2.0877, 8.98979, 0
0.465, 2.13265, 9.0764, 0
0.47, 2.17803, 9.16288, 0
0.475, 2.22385, 9.24923, 0
0.48, 2.27009, 9.33544, 0
0.485, 2.31677, 9.42152, 0
0.49, 2.36388, 9.50747, 0
0.495, 2.41141, 9.59328, 0
0.5, 2.45938, 9.67896, 0
0.505, 2.50778, 9.76451, 0
0.51, 2.5566, 9.84993, 0
0.515, 2.60585, 9.93521, 0
0.52, 2.65552, 10.0204, 0
0.525, 2.70563, 10.1054, 0
0.53, 2.75615, 10.1903, 0
0.535, 2.8071, 10.275, 0
0.54, 2.85848, 10.3596, 0
0.545, 2.91028, 10.4441, 0
0.55, 2.9625, 10.5285, 0
0.555, 3.01514, 10.6127, 0
0.56, 3.0682, 10.6968, 0
0.565, 3.12169, 10.7807, 0
0.57, 3.17559, 10.8645, 0
0.575, 3.22991, 10.9482, 0
0.58, 3.28466, 11.0318, 0
0.585, 3.33981, 11.1152, 0
0.59, 3.39539, 11.1985, 0
0.595, 3.45138, 11.2816, 0
0.6, 3.50779, 11.3647, 0
0.605, 3.56461, 11.4475, 0
0.61, 3.62185, 11.5303, 0
0.615, 3.6795, 11.6129, 0
0.62, 3.73757, 11.6954, 0
0.625, 3.79604, 11.7778, 0
0.63, 3.85493, 11.86, 0
0.635, 3.91423, 11.9421, 0
0.64, 3.97394, 12.024, 0
0.645, 4.03406, 12.1058, 0
0.65, 4.09459, 12.1875, 0
0.655, 4.15553, 12.2691, 0
0.66, 4.21688, 12.3505, 0
0.665, 4.27863, 12.4318, 0
0.67, 4.34079, 12.5129, 0
0.675, 4.40335, 12.594, 0
0.68, 4.46632, 12.6749, 0
0.685, 4.5297, 12.7556, 0
0.69, 4.59347, 12.8362, 0
0.695, 4.65766, 12.9167, 0
0.7, 4.72224, 12.9971, 0
0.705, 4.78722, 13.0773, 0
0.71, 4.85261, 13.1574, 0
0.715, 4.9184, 13.2373, 0
0.72, 4.98458, 13.3171, 0
0.725, 5.05117, 13.3968, 0
0.73, 5.11815, 13.4764, 0
0.735, 5.18554, 13.5558, 0
0.74, 5.25331, 13.635, 0
0.745, 5.32149, 13.7142, 0
0.75, 5.39006, 13.7932, 0
0.755, 5.45903, 13.8721, 0
0.76, 5.52839, 13.9508, 0
0.765, 5.59814, 14.0294, 0
0.77, 5.66829, 14.1079, 0
0.775, 5.73883, 14.1862, 0
0.78, 5.80976, 14.2644, 0
0.785, 5.88108, 14.3425, 0
0.79, 5.95279, 14.4204, 0
0.795, 6.0249, 14.4982, 0
0.8, 6.09739, 14.5759, 0
0.805, 6.17027, 14.6534, 0
0.81, 6.24353, 14.7308, 0
0.815, 6.31719, 14.8081, 0
0.82, 6.39123, 14.8852, 0
0.825, 6.46565, 14.9622, 0
0.83, 6.54046, 15.039, 0
0.835, 6.61566, 15.1158, 0
0.84, 6.69124, 15.1923, 0
0.845, 6.7672, 15.2688, 0
0.85, 6.84354, 15.3451, 0
0.855, 6.92027, 15.4213, 0
0.86, 6.99738, 15.4973, 0
0.865, 7.07486, 15.5732, 0
0.87, 7.15273, 15.649, 0
0.875, 7.23097, 15.7246, 0
0.88, 7.3096, 15.8001, 0
0.885, 7.3886, 15.8755, 0
0.89, 7.46797, 15.9507, 0
0.895, 7.54773, 16.0258, 0
0.9, 7.62786, 16.1007, 0
0.905, 7.70836, 16.1755, 0
0.91, 7.78924, 16.2502, 0
0.915, 7.87049, 16.3248, 0
0.92, 7.95211, 16.3992, 0
0.925, 8.03411, 16.4734, 0
0.93, 8.11648, 16.5476, 0
0.935, 8.19921, 16.6216, 0
0.94, 8.28232, 16.6954, 0
0.945, 8.3658, 16.7692, 0
0.95, 8.44964, 16.8427, 0
0.955, 8.53386, 16.9162, 0
0.96, 8.61844, 16.9895, 0
0.965, 8.70339, 17.0627, 0
0.97, 8.7887, 17.1357, 0
0.975, 8.87438, 17.2086, 0
0.98, 8.96042, 17.2814, 0
0.985, 9.04683, 17.354, 0
0.99, 9.1336, 17.4265, 0
0.995, 9.22073, 17.4988, 0
