0, 0.1, -0.5, 0
0.0005, 0.09975, -0.548425, 0
0.001, 0.0994758, -0.5966, 0
0.0015, 0.0991775, -0.644503, 0
0.002, 0.0988552, -0.692112, 0
0.0025, 0.0985092, -0.739403, 0
0.003, 0.0981395, -0.786354, 0
0.0035, 0.0977463, -0.832946, 0
0.004, 0.0973298, -0.879156, 0
0.0045, 0.0968903, -0.924964, 0
0.005, 0.0964278, -0.97035, 0
0.0055, 0.0959426, -1.01529, 0
0.006, 0.0954349, -1.05978, 0
0.0065, 0.0949051, -1.10378, 0
0.007, 0.0943532, -1.14728, 0
0.0075, 0.0937795, -1.19027, 0
0.008, 0.0931844, -1.23273, 0
0.0085, 0.092568, -1.27464, 0
0.009, 0.0919307, -1.31598, 0
0.0095, 0.0912727, -1.35674, 0
0.01, 0.0905943, -1.39691, 0
0.0105, 0.0898959, -1.43647, 0
0.011, 0.0891776, -1.47541, 0
0.0115, 0.0884399, -1.5137, 0
0.012, 0.0876831, -1.55136, 0
0.0125, 0.0869074, -1.58835, 0
0.013, 0.0861132, -1.62467, 0
0.0135, 0.0853009, -1.66031, 0
0.014, 0.0844708, -1.69526, 0
0.0145, 0.0836231, -1.72951, 0
0.015, 0.0827584, -1.76304, 0
0.0155, 0.0818768, -1.79587, 0
0.016, 0.0809789, -1.82796, 0
0.0165, 0.0800649, -1.85933, 0
0.017, 0.0791353, -1.88996, 0
0.0175, 0.0781903, -1.91985, 0
0.018, 0.0772304, -1.94898, 0
0.0185, 0.0762559, -1.97737, 0
0.019, 0.0752672, -2.005, 0
0.0195, 0.0742647, -2.03187, 0
0.02, 0.0732488, -2.05797, 0
0.0205, 0.0722198, -2.08331, 0
0.021, 0.0711781, -2.10789, 0
0.0215, 0.0701242, -2.13169, 0
0.022, 0.0690583, -2.15473, 0
0.0225, 0.067981, -2.17699, 0
0.023, 0.0668925, -2.19849, 0
0.0235, 0.0657932, -2.21922, 0
0.024, 0.0646836, -2.23918, 0
0.0245, 0.063564, -2.25837, 0
0.025, 0.0624348, -2.2768, 0
0.0255, 0.0612964, -2.29446, 0
0.026, 0.0601492, -2.31136, 0
0.0265, 0.0589935, -2.32751, 0
0.027, 0.0578298, -2.3429, 0
0.0275, 0.0566583, -2.35755, 0
0.028, 0.0554796, -2.37144, 0
0.0285, 0.0542938, -2.3846, 0
0.029, 0.0531015, -2.39701, 0
0.0295, 0.051903, -2.40869, 0
0.03, 0.0506987, -2.41965, 0
0.0305, 0.0494889, -2.42988, 0
0.031, 0.0482739, -2.43939, 0
0.0315, 0.0470542, -2.44819, 0
0.032, 0.0458301, -2.45629, 0
0.0325, 0.044602, -2.46369, 0
0.033, 0.0433701, -2.47039, 0
0.0335, 0.0421349, -2.47641, 0
0.034, 0.0408967, -2.48174, 0
0.0345, 0.0396559, -2.4864, 0
0.035, 0.0384127, -2.4904, 0
0.0355, 0.0371675, -2.49374, 0
0.036, 0.0359206, -2.49642, 0
0.0365, 0.0346724, -2.49846, 0
0.037, 0.0334232, -2.49986, 0
0.0375, 0.0321732, -2.50063, 0
0.038, 0.0309229, -2.50078, 0
0.0385, 0.0296725, -2.50031, 0
0.039, 0.0284224, -2.49924, 0
0.0395, 0.0271728, -2.49756, 0
0.04, 0.025924, -2.4953, 0
0.0405, 0.0246763, -2.49245, 0
0.041, 0.0234301, -2.48902, 0
0.0415, 0.0221856, -2.48502, 0
0.042, 0.0209431, -2.48047, 0
0.0425, 0.0197028, -2.47536, 0
0.043, 0.0184652, -2.4697, 0
0.0435, 0.0172303, -2.46351, 0
0.044, 0.0159986, -2.45679, 0
0.0445, 0.0147702, -2.44955, 0
0.045, 0.0135454, -2.44179, 0
0.0455, 0.0123245, -2.43353, 0
0.046, 0.0111077, -2.42477, 0
0.0465, 0.00989535, -2.41552, 0
0.047, 0.00868759, -2.40579, 0
0.0475, 0.00748469, -2.39558, 0
0.048, 0.0062869, -2.3849, 0
0.0485, 0.00509445, -2.37377, 0
0.049, 0.00390757, -2.36218, 0
0.0495, 0.00272648, -2.35015, 0
0.05, 0.0015514, -2.33768, 0
0.0505, 0.000382567, -2.32477, 0
0.051, -0.00077982, -2.31145, 0
0.0515, -0.00193555, -2.29771, 0
0.052, -0.0030844, -2.28356, 0
0.0525, -0.00422618, -2.26901, 0
0.053, -0.00536069, -2.25407, 0
0.0535, -0.00648772, -2.23874, 0
0.054, -0.00760709, -2.22303, 0
0.0545, -0.00871861, -2.20694, 0
0.055, -0.00982208, -2.19049, 0
0.0555, -0.0109173, -2.17367, 0
0.056, -0.0120042, -2.15651, 0
0.0565, -0.0130824, -2.13899, 0
0.057, -0.0141519, -2.12114, 0
0.0575, -0.0152125, -2.10295, 0
0.058, -0.0162639, -2.08443, 0
0.0585, -0.0173062, -2.06559, 0
0.059, -0.018339, -2.04644, 0
0.0595, -0.0193622, -2.02697, 0
0.06, -0.0203757, -2.0072, 0
0.0605, -0.0213793, -1.98714, 0
0.061, -0.0223728, -1.96678, 0
0.0615, -0.0233562, -1.94613, 0
0.062, -0.0243293, -1.92521, 0
0.0625, -0.0252919, -1.90401, 0
0.063, -0.0262439, -1.88254, 0
0.0635, -0.0271852, -1.86081, 0
0.064, -0.0281156, -1.83882, 0
0.0645, -0.029035, -1.81657, 0
0.065, -0.0299433, -1.79408, 0
0.0655, -0.0308403, -1.77135, 0
0.066, -0.031726, -1.74838, 0
0.0665, -0.0326002, -1.72517, 0
0.067, -0.0334627, -1.70174, 0
0.0675, -0.0343136, -1.67809, 0
0.068, -0.0351527, -1.65422, 0
0.0685, -0.0359798, -1.63013, 0
0.069, -0.0367948, -1.60584, 0
0.0695, -0.0375978, -1.58135, 0
0.07, -0.0383884, -1.55665, 0
0.0705, -0.0391668, -1.53177, 0
0.071, -0.0399326, -1.50669, 0
0.0715, -0.040686, -1.48143, 0
0.072, -0.0414267, -1.45598, 0
0.0725, -0.0421547, -1.43036, 0
0.073, -0.0428699, -1.40457, 0
0.0735, -0.0435722, -1.37861, 0
0.074, -0.0442615, -1.35249, 0
0.0745, -0.0449377, -1.32621, 0
0.075, -0.0456008, -1.29977, 0
0.0755, -0.0462507, -1.27318, 0
0.076, -0.0468873, -1.24644, 0
0.0765, -0.0475105, -1.21956, 0
0.077, -0.0481203, -1.19253, 0
0.0775, -0.0487165, -1.16538, 0
0.078, -0.0492992, -1.13808, 0
0.0785, -0.0498683, -1.11067, 0
0.079, -0.0504236, -1.08312, 0
0.0795, -0.0509652, -1.05546, 0
0.08, -0.0514929, -1.02767, 0
0.0805, -0.0520067, -0.999774, 0
0.081, -0.0525066, -0.971766, 0
0.0815, -0.0529925, -0.943651, 0
0.082, -0.0534643, -0.915432, 0
0.0825, -0.053922, -0.887112, 0
0.083, -0.0543656, -0.858696, 0
0.0835, -0.054795, -0.830187, 0
0.084, -0.05521, -0.801587, 0
0.0845, -0.0556108, -0.7729, 0
0.085, -0.0559973, -0.744129, 0
0.0855, -0.0563694, -0.715278, 0
0.086, -0.056727, -0.68635, 0
0.0865, -0.0570702, -0.657348, 0
0.087, -0.0573988, -0.628274, 0
0.0875, -0.057713, -0.599134, 0
0.088, -0.0580125, -0.569928, 0
0.0885, -0.0582975, -0.540661, 0
0.089, -0.0585678, -0.511335, 0
0.0895, -0.0588235, -0.481954, 0
0.09, -0.0590645, -0.45252, 0
0.0905, -0.0592907, -0.423037, 0
0.091, -0.0595023, -0.393508, 0
0.0915, -0.059699, -0.363935, 0
0.092, -0.059881, -0.334321, 0
0.0925, -0.0600481, -0.30467, 0
0.093, -0.0602005, -0.274984, 0
0.0935, -0.060338, -0.245267, 0
0.094, -0.0604606, -0.215521, 0
0.0945, -0.0605684, -0.185749, 0
0.095, -0.0606612, -0.155954, 0
0.0955, -0.0607392, -0.126139, 0
0.096, -0.0608023, -0.0963063, 0
0.0965, -0.0608504, -0.0664596, 0
0.097, -0.0608837, -0.0366014, 0
0.0975, -0.060902, -0.00673459, 0
0.098, -0.0609053, 0.0231379, 0
0.0985, -0.0608938, 0.0530107, 0
0.099, -0.0608673, 0.082872, 0
0.0995, -0.0608258, 0.11271, 0
0.1, -0.0607695, 0.142514, 0
0.1005, -0.0606982, 0.17227, 0
0.101, -0.0606121, 0.201969, 0
0.1015, -0.0605111, 0.231597, 0
0.102, -0.0603953, 0.261143, 0
0.1025, -0.0602647, 0.290597, 0
0.103, -0.0601194, 0.319945, 0
0.1035, -0.0599595, 0.349178, 0
0.104, -0.0597849, 0.378283, 0
0.1045, -0.0595957, 0.40725, 0
0.105, -0.0593921, 0.436067, 0
0.1055, -0.0591741, 0.464724, 0
0.106, -0.0589417, 0.493209, 0
0.1065, -0.0586951, 0.521511, 0
0.107, -0.0584343, 0.549621, 0
0.1075, -0.0581595, 0.577528, 0
0.108, -0.0578708, 0.605222, 0
0.1085, -0.0575682, 0.632692, 0
0.109, -0.0572518, 0.659928, 0
0.1095, -0.0569218, 0.686921, 0
0.11, -0.0565784, 0.713662, 0
0.1105, -0.0562216, 0.74014, 0
0.111, -0.0558515, 0.766347, 0
0.1115, -0.0554683, 0.792274, 0
0.112, -0.0550722, 0.817912, 0
0.1125, -0.0546632, 0.843253, 0
0.113, -0.0542416, 0.868287, 0
0.1135, -0.0538074, 0.893008, 0
0.114, -0.0533609, 0.917407, 0
0.1145, -0.0529022, 0.941476, 0
0.115, -0.0524315, 0.965209, 0
0.1155, -0.0519489, 0.988598, 0
0.116, -0.0514546, 1.01164, 0
0.1165, -0.0509488, 1.03432, 0
0.117, -0.0504316, 1.05663, 0
0.1175, -0.0499033, 1.07858, 0
0.118, -0.049364, 1.10015, 0
0.1185, -0.0488139, 1.12133, 0
0.119, -0.0482533, 1.14213, 0
0.1195, -0.0476822, 1.16254, 0
0.12, -0.0471009, 1.18255, 0
0.1205, -0.0465097, 1.20216, 0
0.121, -0.0459086, 1.22136, 0
0.1215, -0.0452979, 1.24015, 0
0.122, -0.0446778, 1.25852, 0
0.1225, -0.0440486, 1.27647, 0
0.123, -0.0434103, 1.29401, 0
0.1235, -0.0427633, 1.31111, 0
0.124, -0.0421078, 1.32779, 0
0.1245, -0.0414439, 1.34404, 0
0.125, -0.0407719, 1.35985, 0
0.1255, -0.0400919, 1.37522, 0
0.126, -0.0394043, 1.39016, 0
0.1265, -0.0387093, 1.40466, 0
0.127, -0.0380069, 1.41871, 0
0.1275, -0.0372976, 1.43232, 0
0.128, -0.0365814, 1.44549, 0
0.1285, -0.0358587, 1.45821, 0
0.129, -0.0351296, 1.47048, 0
0.1295, -0.0343943, 1.48231, 0
0.13, -0.0336532, 1.49368, 0
0.1305, -0.0329063, 1.50461, 0
0.131, -0.032154, 1.51509, 0
0.1315, -0.0313965, 1.52513, 0
0.132, -0.0306339, 1.53471, 0
0.1325, -0.0298666, 1.54385, 0
0.133, -0.0290946, 1.55254, 0
0.1335, -0.0283184, 1.56078, 0
0.134, -0.027538, 1.56858, 0
0.1345, -0.0267537, 1.57594, 0
0.135, -0.0259657, 1.58285, 0
0.1355, -0.0251743, 1.58933, 0
0.136, -0.0243796, 1.59536, 0
0.1365, -0.0235819, 1.60096, 0
0.137, -0.0227815, 1.60611, 0
0.1375, -0.0219784, 1.61084, 0
0.138, -0.021173, 1.61513, 0
0.1385, -0.0203654, 1.619, 0
0.139, -0.0195559, 1.62243, 0
0.1395, -0.0187447, 1.62544, 0
0.14, -0.017932, 1.62803, 0
0.1405, -0.017118, 1.6302, 0
0.141, -0.0163029, 1.63196, 0
0.1415, -0.0154869, 1.63329, 0
0.142, -0.0146702, 1.63422, 0
0.1425, -0.0138531, 1.63474, 0
0.143, -0.0130357, 1.63485, 0
0.1435, -0.0122183, 1.63457, 0
0.144, -0.011401, 1.63388, 0
0.1445, -0.0105841, 1.6328, 0
0.145, -0.0097677, 1.63132, 0
0.1455, -0.00895204, 1.62946, 0
0.146, -0.00813731, 1.62722, 0
0.1465, -0.0073237, 1.62459, 0
0.147, -0.0065114, 1.62158, 0
0.1475, -0.00570061, 1.6182, 0
0.148, -0.00489151, 1.61445, 0
0.1485, -0.00408429, 1.61033, 0
0.149, -0.00327912, 1.60586, 0
0.1495, -0.00247619, 1.60102, 0
0.15, -0.00167568, 1.59582, 0
0.1505, -0.000877771, 1.59028, 0
0.151, -8.26316e-05, 1.58439, 0
0.1515, 0.000709562, 1.57815, 0
0.152, 0.00149864, 1.57158, 0
0.1525, 0.00228443, 1.56467, 0
0.153, 0.00306676, 1.55743, 0
0.1535, 0.00384547, 1.54986, 0
0.154, 0.0046204, 1.54197, 0
0.1545, 0.00539138, 1.53376, 0
0.155, 0.00615826, 1.52523, 0
0.1555, 0.00692088, 1.51639, 0
0.156, 0.00767908, 1.50725, 0
0.1565, 0.0084327, 1.4978, 0
0.157, 0.0091816, 1.48806, 0
0.1575, 0.00992563, 1.47802, 0
0.158, 0.0106646, 1.46769, 0
0.1585, 0.0113985, 1.45707, 0
0.159, 0.012127, 1.44618, 0
0.1595, 0.0128501, 1.435, 0
0.16, 0.0135676, 1.42355, 0
0.1605, 0.0142794, 1.41183, 0
0.161, 0.0149853, 1.39984, 0
0.1615, 0.0156852, 1.38759, 0
0.162, 0.016379, 1.37508, 0
0.1625, 0.0170666, 1.36232, 0
0.163, 0.0177477, 1.34931, 0
0.1635, 0.0184224, 1.33605, 0
0.164, 0.0190904, 1.32256, 0
0.1645, 0.0197517, 1.30882, 0
0.165, 0.0204061, 1.29485, 0
0.1655, 0.0210535, 1.28065, 0
0.166, 0.0216938, 1.26622, 0
0.1665, 0.0223269, 1.25157, 0
0.167, 0.0229527, 1.2367, 0
0.1675, 0.0235711, 1.22162, 0
0.168, 0.0241819, 1.20633, 0
0.1685, 0.0247851, 1.19083, 0
0.169, 0.0253805, 1.17513, 0
0.1695, 0.025968, 1.15923, 0
0.17, 0.0265477, 1.14313, 0
0.1705, 0.0271192, 1.12684, 0
0.171, 0.0276826, 1.11036, 0
0.1715, 0.0282378, 1.0937, 0
0.172, 0.0287847, 1.07686, 0
0.1725, 0.0293231, 1.05985, 0
0.173, 0.029853, 1.04265, 0
0.1735, 0.0303744, 1.02529, 0
0.174, 0.030887, 1.00777, 0
0.1745, 0.0313909, 0.990078, 0
0.175, 0.0318859, 0.97223, 0
0.1755, 0.032372, 0.954227, 0
0.176, 0.0328492, 0.936072, 0
0.1765, 0.0333172, 0.917769, 0
0.177, 0.0337761, 0.899321, 0
0.1775, 0.0342257, 0.880732, 0
0.178, 0.0346661, 0.862005, 0
0.1785, 0.0350971, 0.843143, 0
0.179, 0.0355187, 0.824151, 0
0.1795, 0.0359307, 0.805031, 0
0.18, 0.0363333, 0.785787, 0
0.1805, 0.0367262, 0.766422, 0
0.181, 0.0371094, 0.746939, 0
0.1815, 0.0374828, 0.727342, 0
0.182, 0.0378465, 0.707634, 0
0.1825, 0.0382003, 0.687819, 0
0.183, 0.0385442, 0.667899, 0
0.1835, 0.0388782, 0.647877, 0
0.184, 0.0392021, 0.627758, 0
0.1845, 0.039516, 0.607545, 0
0.185, 0.0398198, 0.587239, 0
0.1855, 0.0401134, 0.566845, 0
0.186, 0.0403968, 0.546367, 0
0.1865, 0.04067, 0.525806, 0
0.187, 0.0409329, 0.505166, 0
0.1875, 0.0411855, 0.48445, 0
0.188, 0.0414277, 0.463662, 0
0.1885, 0.0416595, 0.442804, 0
0.189, 0.0418809, 0.42188, 0
0.1895, 0.0420919, 0.400892, 0
0.19, 0.0422923, 0.379845, 0
0.1905, 0.0424823, 0.35874, 0
0.191, 0.0426616, 0.33758, 0
0.1915, 0.0428304, 0.31637, 0
0.192, 0.0429886, 0.295111, 0
0.1925, 0.0431362, 0.273808, 0
0.193, 0.0432731, 0.252462, 0
0.1935, 0.0433993, 0.231077, 0
0.194, 0.0435148, 0.209656, 0
0.1945, 0.0436197, 0.188202, 0
0.195, 0.0437138, 0.166718, 0
0.1955, 0.0437971, 0.145207, 0
0.196, 0.0438697, 0.123672, 0
0.1965, 0.0439316, 0.102116, 0
0.197, 0.0439826, 0.0805413, 0
0.1975, 0.0440229, 0.0589516, 0
0.198, 0.0440524, 0.0373497, 0
0.1985, 0.044071, 0.0157385, 0
0.199, 0.0440789, -0.00587891, 0
0.1995, 0.044076, -0.0274995, 0
0.2, 0.0440622, -0.0491169, 0
0.2005, 0.0440377, -0.0707234, 0
0.201, 0.0440023, -0.0923113, 0
0.2015, 0.0439561, -0.113873, 0
0.202, 0.0438992, -0.135401, 0
0.2025, 0.0438315, -0.156888, 0
0.203, 0.0437531, -0.178326, 0
0.2035, 0.0436639, -0.199707, 0
0.204, 0.043564, -0.221025, 0
0.2045, 0.0434535, -0.242271, 0
0.205, 0.0433324, -0.263438, 0
0.2055, 0.0432007, -0.284519, 0
0.206, 0.0430584, -0.305506, 0
0.2065, 0.0429057, -0.326393, 0
0.207, 0.0427425, -0.347172, 0
0.2075, 0.0425689, -0.367836, 0
0.208, 0.042385, -0.388378, 0
0.2085, 0.0421908, -0.40879, 0
0.209, 0.0419864, -0.429067, 0
0.2095, 0.0417718, -0.449201, 0
0.21, 0.0415472, -0.469186, 0
0.2105, 0.0413126, -0.489015, 0
0.211, 0.0410681, -0.508681, 0
0.2115, 0.0408138, -0.528178, 0
0.212, 0.0405497, -0.547499, 0
0.2125, 0.040276, -0.56664, 0
0.213, 0.0399926, -0.585592, 0
0.2135, 0.0396998, -0.604351, 0
0.214, 0.0393977, -0.622911, 0
0.2145, 0.0390862, -0.641266, 0
0.215, 0.0387656, -0.659409, 0
0.2155, 0.0384359, -0.677337, 0
0.216, 0.0380972, -0.695043, 0
0.2165, 0.0377497, -0.712522, 0
0.217, 0.0373934, -0.729769, 0
0.2175, 0.0370285, -0.746779, 0
0.218, 0.0366552, -0.763547, 0
0.2185, 0.0362734, -0.780069, 0
0.219, 0.0358833, -0.79634, 0
0.2195, 0.0354852, -0.812355, 0
0.22, 0.035079, -0.828111, 0
0.2205, 0.0346649, -0.843602, 0
0.221, 0.0342431, -0.858826, 0
0.2215, 0.0338137, -0.873779, 0
0.222, 0.0333768, -0.888456, 0
0.2225, 0.0329326, -0.902854, 0
0.223, 0.0324812, -0.916969, 0
0.2235, 0.0320227, -0.930799, 0
0.224, 0.0315573, -0.94434, 0
0.2245, 0.0310851, -0.95759, 0
0.225, 0.0306063, -0.970545, 0
0.2255, 0.0301211, -0.983202, 0
0.226, 0.0296295, -0.99556, 0
0.2265, 0.0291317, -1.00762, 0
0.227, 0.0286279, -1.01937, 0
0.2275, 0.0281182, -1.03081, 0
0.228, 0.0276028, -1.04195, 0
0.2285, 0.0270818, -1.05277, 0
0.229, 0.0265554, -1.06328, 0
0.2295, 0.0260238, -1.07348, 0
0.23, 0.025487, -1.08337, 0
0.2305, 0.0249454, -1.09293, 0
0.231, 0.0243989, -1.10218, 0
0.2315, 0.0238478, -1.11111, 0
0.232, 0.0232922, -1.11972, 0
0.2325, 0.0227324, -1.12801, 0
0.233, 0.0221684, -1.13598, 0
0.2335, 0.0216004, -1.14363, 0
0.234, 0.0210286, -1.15096, 0
0.2345, 0.0204531, -1.15796, 0
0.235, 0.0198741, -1.16464, 0
0.2355, 0.0192918, -1.171, 0
0.236, 0.0187063, -1.17703, 0
0.2365, 0.0181178, -1.18274, 0
0.237, 0.0175264, -1.18813, 0
0.2375, 0.0169323, -1.1932, 0
0.238, 0.0163357, -1.19795, 0
0.2385, 0.0157368, -1.20237, 0
0.239, 0.0151356, -1.20648, 0
0.2395, 0.0145323, -1.21026, 0
0.24, 0.0139272, -1.21373, 0
0.2405, 0.0133203, -1.21688, 0
0.241, 0.0127119, -1.21971, 0
0.2415, 0.0121021, -1.22222, 0
0.242, 0.0114909, -1.22443, 0
0.2425, 0.0108787, -1.22631, 0
0.243, 0.0102656, -1.22789, 0
0.2435, 0.00965163, -1.22916, 0
0.244, 0.00903705, -1.23011, 0
0.2445, 0.00842199, -1.23076, 0
0.245, 0.00780661, -1.23111, 0
0.2455, 0.00719106, -1.23115, 0
0.246, 0.00657549, -1.23088, 0
0.2465, 0.00596004, -1.23032, 0
0.247, 0.00534488, -1.22946, 0
0.2475, 0.00473015, -1.2283, 0
0.248, 0.004116, -1.22685, 0
0.2485, 0.00350257, -1.22511, 0
0.249, 0.00289002, -1.22307, 0
0.2495, 0.00227848, -1.22075, 0
0.25, 0.00166811, -1.21814, 0
0.2505, 0.00105904, -1.21525, 0
0.251, 0.000451409, -1.21208, 0
0.2515, -0.000154631, -1.20863, 0
0.252, -0.000758945, -1.2049, 0
0.2525, -0.0013614, -1.2009, 0
0.253, -0.00196184, -1.19663, 0
0.2535, -0.00256016, -1.19208, 0
0.254, -0.0031562, -1.18728, 0
0.2545, -0.00374984, -1.1822, 0
0.255, -0.00434094, -1.17687, 0
0.2555, -0.00492937, -1.17128, 0
0.256, -0.00551501, -1.16543, 0
0.2565, -0.00609773, -1.15933, 0
0.257, -0.00667739, -1.15298, 0
0.2575, -0.00725388, -1.14638, 0
0.258, -0.00782707, -1.13954, 0
0.2585, -0.00839684, -1.13245, 0
0.259, -0.00896307, -1.12513, 0
0.2595, -0.00952563, -1.11756, 0
0.26, -0.0100844, -1.10977, 0
0.2605, -0.0106393, -1.10174, 0
0.261, -0.0111902, -1.09349, 0
0.2615, -0.0117369, -1.08501, 0
0.262, -0.0122794, -1.07631, 0
0.2625, -0.0128176, -1.06739, 0
0.263, -0.0133513, -1.05826, 0
0.2635, -0.0138804, -1.04891, 0
0.264, -0.0144049, -1.03935, 0
0.2645, -0.0149245, -1.02959, 0
0.265, -0.0154393, -1.01961, 0
0.2655, -0.0159491, -1.00944, 0
0.266, -0.0164539, -0.999072, 0
0.2665, -0.0169534, -0.988506, 0
0.267, -0.0174476, -0.977748, 0
0.2675, -0.0179365, -0.9668, 0
0.268, -0.0184199, -0.955665, 0
0.2685, -0.0188978, -0.944347, 0
0.269, -0.0193699, -0.932848, 0
0.2695, -0.0198363, -0.921172, 0
0.27, -0.0202969, -0.90932, 0
0.2705, -0.0207516, -0.897298, 0
0.271, -0.0212002, -0.885106, 0
0.2715, -0.0216428, -0.872749, 0
0.272, -0.0220792, -0.860229, 0
0.2725, -0.0225093, -0.847549, 0
0.273, -0.0229331, -0.834712, 0
0.2735, -0.0233504, -0.821722, 0
0.274, -0.0237613, -0.80858, 0
0.2745, -0.0241656, -0.795291, 0
0.275, -0.0245632, -0.781857, 0
0.2755, -0.0249541, -0.76828, 0
0.276, -0.0253383, -0.754564, 0
0.2765, -0.0257156, -0.740713, 0
0.277, -0.0260859, -0.726727, 0
0.2775, -0.0264493, -0.712612, 0
0.278, -0.0268056, -0.698369, 0
0.2785, -0.0271548, -0.684002, 0
0.279, -0.0274968, -0.669513, 0
0.2795, -0.0278315, -0.654905, 0
0.28, -0.028159, -0.640181, 0
0.2805, -0.0284791, -0.625345, 0
0.281, -0.0287917, -0.610398, 0
0.2815, -0.0290969, -0.595344, 0
0.282, -0.0293946, -0.580186, 0
0.2825, -0.0296847, -0.564926, 0
0.283, -0.0299672, -0.549568, 0
0.2835, -0.030242, -0.534114, 0
0.284, -0.030509, -0.518567, 0
0.2845, -0.0307683, -0.50293, 0
0.285, -0.0310198, -0.487206, 0
0.2855, -0.0312634, -0.471398, 0
0.286, -0.0314991, -0.455507, 0
0.2865, -0.0317268, -0.439538, 0
0.287, -0.0319466, -0.423493, 0
0.2875, -0.0321583, -0.407375, 0
0.288, -0.032362, -0.391187, 0
0.2885, -0.0325576, -0.374931, 0
0.289, -0.0327451, -0.35861, 0
0.2895, -0.0329244, -0.342227, 0
0.29, -0.0330955, -0.325784, 0
0.2905, -0.0332584, -0.309286, 0
0.291, -0.033413, -0.292733, 0
0.2915, -0.0335594, -0.27613, 0
0.292, -0.0336975, -0.259479, 0
0.2925, -0.0338272, -0.242782, 0
0.293, -0.0339486, -0.226042, 0
0.2935, -0.0340616, -0.209262, 0
0.294, -0.0341662, -0.192446, 0
0.2945, -0.0342625, -0.175595, 0
0.295, -0.0343503, -0.158712, 0
0.2955, -0.0344296, -0.1418, 0
0.296, -0.0345005, -0.124862, 0
0.2965, -0.034563, -0.107901, 0
0.297, -0.0346169, -0.0909183, 0
0.2975, -0.0346624, -0.073918, 0
0.298, -0.0346993, -0.0569025, 0
0.2985, -0.0347278, -0.0398744, 0
0.299, -0.0347477, -0.0228364, 0
0.2995, -0.0347591, -0.00579137, 0
0.3, -0.034762, 0.0112581, 0
0.3005, -0.0347564, 0.0283085, 0
0.301, -0.0347422, 0.0453545, 0
0.3015, -0.0347196, 0.0623905, 0
0.302, -0.0346884, 0.0794107, 0
0.3025, -0.0346487, 0.0964096, 0
0.303, -0.0346005, 0.113381, 0
0.3035, -0.0345438, 0.130321, 0
0.304, -0.0344786, 0.147222, 0
0.3045, -0.034405, 0.16408, 0
0.305, -0.034323, 0.180888, 0
0.3055, -0.0342325, 0.197642, 0
0.306, -0.0341337, 0.214335, 0
0.3065, -0.0340265, 0.230963, 0
0.307, -0.033911, 0.247519, 0
0.3075, -0.0337873, 0.264, 0
0.308, -0.0336553, 0.280398, 0
0.3085, -0.0335151, 0.296709, 0
0.309, -0.0333667, 0.312929, 0
0.3095, -0.0332103, 0.32905, 0
0.31, -0.0330457, 0.345069, 0
0.3105, -0.0328732, 0.36098, 0
0.311, -0.0326927, 0.376779, 0
0.3115, -0.0325043, 0.39246, 0
0.312, -0.0323081, 0.408018, 0
0.3125, -0.0321041, 0.423449, 0
0.313, -0.0318924, 0.438748, 0
0.3135, -0.031673, 0.45391, 0
0.314, -0.031446, 0.46893, 0
0.3145, -0.0312116, 0.483805, 0
0.315, -0.0309697, 0.498529, 0
0.3155, -0.0307204, 0.513098, 0
0.316, -0.0304639, 0.527508, 0
0.3165, -0.0302001, 0.541755, 0
0.317, -0.0299292, 0.555835, 0
0.3175, -0.0296513, 0.569742, 0
0.318, -0.0293664, 0.583475, 0
0.3185, -0.0290747, 0.597028, 0
0.319, -0.0287762, 0.610398, 0
0.3195, -0.028471, 0.623581, 0
0.32, -0.0281592, 0.636574, 0
0.3205, -0.0278409, 0.649373, 0
0.321, -0.0275162, 0.661975, 0
0.3215, -0.0271852, 0.674376, 0
0.322, -0.026848, 0.686574, 0
0.3225, -0.0265048, 0.698564, 0
0.323, -0.0261555, 0.710345, 0
0.3235, -0.0258003, 0.721912, 0
0.324, -0.0254393, 0.733265, 0
0.3245, -0.0250727, 0.744398, 0
0.325, -0.0247005, 0.755311, 0
0.3255, -0.0243229, 0.766001, 0
0.326, -0.0239399, 0.776464, 0
0.3265, -0.0235516, 0.786699, 0
0.327, -0.0231583, 0.796704, 0
0.3275, -0.0227599, 0.806477, 0
0.328, -0.0223567, 0.816014, 0
0.3285, -0.0219487, 0.825316, 0
0.329, -0.021536, 0.834378, 0
0.3295, -0.0211188, 0.843201, 0
0.33, -0.0206972, 0.851783, 0
0.3305, -0.0202713, 0.860121, 0
0.331, -0.0198413, 0.868214, 0
0.3315, -0.0194072, 0.876062, 0
0.332, -0.0189691, 0.883663, 0
0.3325, -0.0185273, 0.891015, 0
0.333, -0.0180818, 0.898118, 0
0.3335, -0.0176327, 0.90497, 0
0.334, -0.0171803, 0.911572, 0
0.3345, -0.0167245, 0.917921, 0
0.335, -0.0162655, 0.924018, 0
0.3355, -0.0158035, 0.929862, 0
0.336, -0.0153386, 0.935452, 0
0.3365, -0.0148708, 0.940788, 0
0.337, -0.0144005, 0.945869, 0
0.3375, -0.0139275, 0.950696, 0
0.338, -0.0134522, 0.955268, 0
0.3385, -0.0129745, 0.959585, 0
0.339, -0.0124947, 0.963647, 0
0.3395, -0.0120129, 0.967454, 0
0.34, -0.0115292, 0.971006, 0
0.3405, -0.0110437, 0.974304, 0
0.341, -0.0105565, 0.977348, 0
0.3415, -0.0100679, 0.980138, 0
0.342, -0.0095778, 0.982675, 0
0.3425, -0.00908646, 0.984958, 0
0.343, -0.00859398, 0.98699, 0
0.3435, -0.00810049, 0.98877, 0
0.344, -0.0076061, 0.990299, 0
0.3445, -0.00711095, 0.991578, 0
0.345, -0.00661516, 0.992608, 0
0.3455, -0.00611886, 0.99339, 0
0.346, -0.00562216, 0.993924, 0
0.3465, -0.0051252, 0.994212, 0
0.347, -0.00462809, 0.994255, 0
0.3475, -0.00413097, 0.994053, 0
0.348, -0.00363394, 0.993609, 0
0.3485, -0.00313714, 0.992923, 0
0.349, -0.00264067, 0.991997, 0
0.3495, -0.00214468, 0.990833, 0
0.35, -0.00164926, 0.98943, 0
0.3505, -0.00115454, 0.987792, 0
0.351, -0.000660649, 0.985919, 0
0.3515, -0.000167689, 0.983813, 0
0.352, 0.000324217, 0.981475, 0
0.3525, 0.000814954, 0.978908, 0
0.353, 0.00130441, 0.976112, 0
0.3535, 0.00179246, 0.973091, 0
0.354, 0.00227901, 0.969844, 0
0.3545, 0.00276393, 0.966375, 0
0.355, 0.00324712, 0.962684, 0
0.3555, 0.00372846, 0.958775, 0
0.356, 0.00420785, 0.954648, 0
0.3565, 0.00468517, 0.950306, 0
0.357, 0.00516033, 0.94575, 0
0.3575, 0.0056332, 0.940983, 0
0.358, 0.00610369, 0.936006, 0
0.3585, 0.0065717, 0.930822, 0
0.359, 0.00703711, 0.925432, 0
0.3595, 0.00749982, 0.919839, 0
0.36, 0.00795974, 0.914046, 0
0.3605, 0.00841676, 0.908053, 0
0.361, 0.00887079, 0.901863, 0
0.3615, 0.00932172, 0.895478, 0
0.362, 0.00976946, 0.888901, 0
0.3625, 0.0102139, 0.882134, 0
0.363, 0.010655, 0.875179, 0
0.3635, 0.0110926, 0.868038, 0
0.364, 0.0115266, 0.860713, 0
0.3645, 0.0119569, 0.853207, 0
0.365, 0.0123835, 0.845522, 0
0.3655, 0.0128063, 0.837661, 0
0.366, 0.0132251, 0.829625, 0
0.3665, 0.01364, 0.821418, 0
0.367, 0.0140507, 0.81304, 0
0.3675, 0.0144572, 0.804496, 0
0.368, 0.0148594, 0.795787, 0
0.3685, 0.0152573, 0.786915, 0
0.369, 0.0156508, 0.777883, 0
0.3695, 0.0160397, 0.768694, 0
0.37, 0.0164241, 0.759349, 0
0.3705, 0.0168037, 0.749851, 0
0.371, 0.0171787, 0.740203, 0
0.3715, 0.0175488, 0.730408, 0
0.372, 0.017914, 0.720466, 0
0.3725, 0.0182742, 0.710382, 0
0.373, 0.0186294, 0.700157, 0
0.3735, 0.0189795, 0.689793, 0
0.374, 0.0193244, 0.679294, 0
0.3745, 0.019664, 0.668662, 0
0.375, 0.0199983, 0.657899, 0
0.3755, 0.0203273, 0.647008, 0
0.376, 0.0206508, 0.635991, 0
0.3765, 0.0209688, 0.62485, 0
0.377, 0.0212812, 0.613589, 0
0.3775, 0.021588, 0.602209, 0
0.378, 0.0218891, 0.590714, 0
0.3785, 0.0221845, 0.579105, 0
0.379, 0.022474, 0.567385, 0
0.3795, 0.0227577, 0.555557, 0
0.38, 0.0230355, 0.543622, 0
0.3805, 0.0233073, 0.531585, 0
0.381, 0.0235731, 0.519446, 0
0.3815, 0.0238328, 0.507209, 0
0.382, 0.0240864, 0.494876, 0
0.3825, 0.0243339, 0.482449, 0
0.383, 0.0245751, 0.469931, 0
0.3835, 0.0248101, 0.457325, 0
0.384, 0.0250387, 0.444633, 0
0.3845, 0.025261, 0.431857, 0
0.385, 0.025477, 0.419, 0
0.3855, 0.0256865, 0.406065, 0
0.386, 0.0258895, 0.393054, 0
0.3865, 0.026086, 0.379969, 0
0.387, 0.026276, 0.366812, 0
0.3875, 0.0264594, 0.353588, 0
0.388, 0.0266362, 0.340297, 0
0.3885, 0.0268064, 0.326942, 0
0.389, 0.0269698, 0.313526, 0
0.3895, 0.0271266, 0.300052, 0
0.39, 0.0272766, 0.286521, 0
0.3905, 0.0274199, 0.272937, 0
0.391, 0.0275564, 0.259301, 0
0.3915, 0.027686, 0.245617, 0
0.392, 0.0278088, 0.231886, 0
0.3925, 0.0279248, 0.218111, 0
0.393, 0.0280338, 0.204295, 0
0.3935, 0.028136, 0.19044, 0
0.394, 0.0282312, 0.176549, 0
0.3945, 0.0283195, 0.162624, 0
0.395, 0.0284008, 0.148667, 0
0.3955, 0.0284751, 0.134681, 0
0.396, 0.0285424, 0.120669, 0
0.3965, 0.0286028, 0.106632, 0
0.397, 0.0286561, 0.0925741, 0
0.3975, 0.0287024, 0.0784969, 0
0.398, 0.0287416, 0.064403, 0
0.3985, 0.0287738, 0.0502948, 0
0.399, 0.028799, 0.0361749, 0
0.3995, 0.0288171, 0.0220458, 0
0.4, 0.0288281, 0.00790978, 0
0.4005, 0.028832, -0.00623055, 0
0.401, 0.0288289, -0.0203726, 0
0.4015, 0.0288187, -0.0345121, 0
0.402, 0.0288015, -0.0486447, 0
0.4025, 0.0287772, -0.0627659, 0
0.403, 0.0287458, -0.0768713, 0
0.4035, 0.0287073, -0.0909563, 0
0.404, 0.0286619, -0.105017, 0
0.4045, 0.0286094, -0.119048, 0
0.405, 0.0285498, -0.133045, 0
0.4055, 0.0284833, -0.147005, 0
0.406, 0.0284098, -0.160922, 0
0.4065, 0.0283293, -0.174792, 0
0.407, 0.0282419, -0.188611, 0
0.4075, 0.0281476, -0.202375, 0
0.408, 0.0280465, -0.216079, 0
0.4085, 0.0279384, -0.229719, 0
0.409, 0.0278236, -0.243291, 0
0.4095, 0.0277019, -0.25679, 0
0.41, 0.0275735, -0.270213, 0
0.4105, 0.0274384, -0.283555, 0
0.411, 0.0272966, -0.296813, 0
0.4115, 0.0271482, -0.309982, 0
0.412, 0.0269932, -0.323058, 0
0.4125, 0.0268317, -0.336037, 0
0.413, 0.0266637, -0.348916, 0
0.4135, 0.0264892, -0.36169, 0
0.414, 0.0263084, -0.374356, 0
0.4145, 0.0261212, -0.38691, 0
0.415, 0.0259278, -0.399348, 0
0.4155, 0.0257281, -0.411667, 0
0.416, 0.0255222, -0.423863, 0
0.4165, 0.0253103, -0.435932, 0
0.417, 0.0250923, -0.447872, 0
0.4175, 0.0248684, -0.459678, 0
0.418, 0.0246386, -0.471348, 0
0.4185, 0.0244029, -0.482878, 0
0.419, 0.0241615, -0.494264, 0
0.4195, 0.0239143, -0.505505, 0
0.42, 0.0236616, -0.516596, 0
0.4205, 0.0234033, -0.527535, 0
0.421, 0.0231395, -0.538318, 0
0.4215, 0.0228704, -0.548944, 0
0.422, 0.0225959, -0.559408, 0
0.4225, 0.0223162, -0.569709, 0
0.423, 0.0220313, -0.579844, 0
0.4235, 0.0217414, -0.58981, 0
0.424, 0.0214465, -0.599604, 0
0.4245, 0.0211467, -0.609225, 0
0.425, 0.0208421, -0.618669, 0
0.4255, 0.0205327, -0.627936, 0
0.426, 0.0202188, -0.637021, 0
0.4265, 0.0199003, -0.645924, 0
0.427, 0.0195773, -0.654642, 0
0.4275, 0.01925, -0.663173, 0
0.428, 0.0189184, -0.671516, 0
0.4285, 0.0185826, -0.679668, 0
0.429, 0.0182428, -0.687628, 0
0.4295, 0.017899, -0.695394, 0
0.43, 0.0175513, -0.702964, 0
0.4305, 0.0171998, -0.710338, 0
0.431, 0.0168446, -0.717513, 0
0.4315, 0.0164859, -0.724488, 0
0.432, 0.0161236, -0.731262, 0
0.4325, 0.015758, -0.737834, 0
0.433, 0.0153891, -0.744202, 0
0.4335, 0.015017, -0.750366, 0
0.434, 0.0146418, -0.756324, 0
0.4345, 0.0142636, -0.762076, 0
0.435, 0.0138826, -0.767621, 0
0.4355, 0.0134988, -0.772957, 0
0.436, 0.0131123, -0.778084, 0
0.4365, 0.0127233, -0.783002, 0
0.437, 0.0123318, -0.78771, 0
0.4375, 0.0119379, -0.792208, 0
0.438, 0.0115418, -0.796495, 0
0.4385, 0.0111436, -0.80057, 0
0.439, 0.0107433, -0.804433, 0
0.4395, 0.0103411, -0.808085, 0
0.44, 0.00993703, -0.811525, 0
0.4405, 0.00953126, -0.814753, 0
0.441, 0.00912389, -0.817768, 0
0.4415, 0.008715, -0.820572, 0
0.442, 0.00830472, -0.823163, 0
0.4425, 0.00789313, -0.825542, 0
0.443, 0.00748036, -0.82771, 0
0.4435, 0.00706651, -0.829667, 0
0.444, 0.00665168, -0.831412, 0
0.4445, 0.00623597, -0.832946, 0
0.445, 0.0058195, -0.834271, 0
0.4455, 0.00540236, -0.835385, 0
0.446, 0.00498467, -0.83629, 0
0.4465, 0.00456652, -0.836987, 0
0.447, 0.00414803, -0.837475, 0
0.4475, 0.00372929, -0.837757, 0
0.448, 0.00331041, -0.837831, 0
0.4485, 0.0028915, -0.8377, 0
0.449, 0.00247265, -0.837364, 0
0.4495, 0.00205397, -0.836824, 0
0.45, 0.00163555, -0.836081, 0
0.4505, 0.00121751, -0.835135, 0
0.451, 0.000799946, -0.833989, 0
0.4515, 0.000382952, -0.832642, 0
0.452, -3.33694e-05, -0.831097, 0
0.4525, -0.000448918, -0.829354, 0
0.453, -0.000863595, -0.827414, 0
0.4535, -0.0012773, -0.825279, 0
0.454, -0.00168994, -0.82295, 0
0.4545, -0.00210142, -0.820428, 0
0.455, -0.00251163, -0.817714, 0
0.4555, -0.00292049, -0.814811, 0
0.456, -0.00332789, -0.811718, 0
0.4565, -0.00373375, -0.808439, 0
0.457, -0.00413797, -0.804973, 0
0.4575, -0.00454046, -0.801324, 0
0.458, -0.00494112, -0.797491, 0
0.4585, -0.00533987, -0.793478, 0
0.459, -0.0057366, -0.789285, 0
0.4595, -0.00613125, -0.784913, 0
0.46, -0.0065237, -0.780366, 0
0.4605, -0.00691389, -0.775643, 0
0.461, -0.00730171, -0.770748, 0
0.4615, -0.00768708, -0.765681, 0
0.462, -0.00806992, -0.760445, 0
0.4625, -0.00845014, -0.755041, 0
0.463, -0.00882767, -0.749471, 0
0.4635, -0.0092024, -0.743737, 0
0.464, -0.00957427, -0.73784, 0
0.4645, -0.00994319, -0.731783, 0
0.465, -0.0103091, -0.725567, 0
0.4655, -0.0106719, -0.719195, 0
0.466, -0.0110315, -0.712667, 0
0.4665, -0.0113878, -0.705986, 0
0.467, -0.0117408, -0.699155, 0
0.4675, -0.0120904, -0.692174, 0
0.468, -0.0124365, -0.685046, 0
0.4685, -0.012779, -0.677772, 0
0.469, -0.0131179, -0.670356, 0
0.4695, -0.013453, -0.662798, 0
0.47, -0.0137844, -0.655101, 0
0.4705, -0.014112, -0.647267, 0
0.471, -0.0144356, -0.639297, 0
0.4715, -0.0147553, -0.631195, 0
0.472, -0.0150709, -0.622962, 0
0.4725, -0.0153823, -0.614599, 0
0.473, -0.0156896, -0.60611, 0
0.4735, -0.0159927, -0.597496, 0
0.474, -0.0162915, -0.588759, 0
0.4745, -0.0165858, -0.579901, 0
0.475, -0.0168758, -0.570925, 0
0.4755, -0.0171612, -0.561833, 0
0.476, -0.0174422, -0.552626, 0
0.4765, -0.0177185, -0.543307, 0
0.477, -0.0179901, -0.533878, 0
0.4775, -0.0182571, -0.524341, 0
0.478, -0.0185192, -0.514699, 0
0.4785, -0.0187766, -0.504953, 0
0.479, -0.0190291, -0.495106, 0
0.4795, -0.0192766, -0.485159, 0
0.48, -0.0195192, -0.475115, 0
0.4805, -0.0197568, -0.464977, 0
0.481, -0.0199892, -0.454746, 0
0.4815, -0.0202166, -0.444424, 0
0.482, -0.0204388, -0.434014, 0
0.4825, -0.0206558, -0.423518, 0
0.483, -0.0208676, -0.412938, 0
0.4835, -0.0210741, -0.402276, 0
0.484, -0.0212752, -0.391534, 0
0.4845, -0.021471, -0.380716, 0
0.485, -0.0216613, -0.369822, 0
0.4855, -0.0218462, -0.358855, 0
0.486, -0.0220257, -0.347818, 0
0.4865, -0.0221996, -0.336712, 0
0.487, -0.0223679, -0.325539, 0
0.4875, -0.0225307, -0.314303, 0
0.488, -0.0226878, -0.303005, 0
0.4885, -0.0228393, -0.291647, 0
0.489, -0.0229852, -0.280231, 0
0.4895, -0.0231253, -0.268761, 0
0.49, -0.0232597, -0.257237, 0
0.4905, -0.0233883, -0.245663, 0
0.491, -0.0235111, -0.23404, 0
0.4915, -0.0236281, -0.222371, 0
0.492, -0.0237393, -0.210658, 0
0.4925, -0.0238447, -0.198903, 0
0.493, -0.0239441, -0.187108, 0
0.4935, -0.0240377, -0.175276, 0
0.494, -0.0241253, -0.163408, 0
0.4945, -0.024207, -0.151508, 0
0.495, -0.0242828, -0.139577, 0
0.4955, -0.0243525, -0.127618, 0
0.496, -0.0244164, -0.115632, 0
0.4965, -0.0244742, -0.103623, 0
0.497, -0.024526, -0.0915913, 0
0.4975, -0.0245718, -0.0795403, 0
0.498, -0.0246115, -0.067472, 0
0.4985, -0.0246453, -0.0553887, 0
0.499, -0.024673, -0.0432925, 0
0.4995, -0.0246946, -0.0311857, 0
0.5, -0.0247102, -0.0190706, 0
0.5005, -0.0247198, -0.0069493, 0
0.501, -0.0247232, 0.00517586, 0
0.5015, -0.0247206, 0.0173025, 0
0.502, -0.024712, 0.0294273, 0
0.5025, -0.0246973, 0.0415463, 0
0.503, -0.0246765, 0.053656, 0
0.5035, -0.0246497, 0.0657526, 0
0.504, -0.0246168, 0.0778325, 0
0.5045, -0.0245779, 0.0898919, 0
0.505, -0.0245329, 0.101927, 0
0.5055, -0.024482, 0.113935, 0
0.506, -0.024425, 0.125911, 0
0.5065, -0.024362, 0.137851, 0
0.507, -0.0242931, 0.149753, 0
0.5075, -0.0242182, 0.161613, 0
0.508, -0.0241374, 0.173427, 0
0.5085, -0.0240507, 0.185191, 0
0.509, -0.0239581, 0.196902, 0
0.5095, -0.0238597, 0.208557, 0
0.51, -0.0237554, 0.220151, 0
0.5105, -0.0236453, 0.231682, 0
0.511, -0.0235295, 0.243146, 0
0.5115, -0.0234079, 0.254539, 0
0.512, -0.0232806, 0.265859, 0
0.5125, -0.0231477, 0.277101, 0
0.513, -0.0230092, 0.288263, 0
0.5135, -0.022865, 0.299342, 0
0.514, -0.0227154, 0.310333, 0
0.5145, -0.0225602, 0.321234, 0
0.515, -0.0223996, 0.332042, 0
0.5155, -0.0222336, 0.342753, 0
0.516, -0.0220622, 0.353365, 0
0.5165, -0.0218855, 0.363874, 0
0.517, -0.0217036, 0.374278, 0
0.5175, -0.0215164, 0.384574, 0
0.518, -0.0213241, 0.394758, 0
0.5185, -0.0211268, 0.404828, 0
0.519, -0.0209243, 0.414781, 0
0.5195, -0.0207169, 0.424614, 0
0.52, -0.0205046, 0.434325, 0
0.5205, -0.0202875, 0.443911, 0
0.521, -0.0200655, 0.453369, 0
0.5215, -0.0198388, 0.462697, 0
0.522, -0.0196075, 0.471893, 0
0.5225, -0.0193715, 0.480954, 0
0.523, -0.0191311, 0.489877, 0
0.5235, -0.0188861, 0.498661, 0
0.524, -0.0186368, 0.507303, 0
0.5245, -0.0183831, 0.515801, 0
0.525, -0.0181252, 0.524153, 0
0.5255, -0.0178632, 0.532356, 0
0.526, -0.017597, 0.54041, 0
0.5265, -0.0173268, 0.548311, 0
0.527, -0.0170526, 0.556058, 0
0.5275, -0.0167746, 0.563649, 0
0.528, -0.0164928, 0.571083, 0
0.5285, -0.0162072, 0.578358, 0
0.529, -0.0159181, 0.585471, 0
0.5295, -0.0156253, 0.592422, 0
0.53, -0.0153291, 0.599209, 0
0.5305, -0.0150295, 0.60583, 0
0.531, -0.0147266, 0.612284, 0
0.5315, -0.0144204, 0.61857, 0
0.532, -0.0141112, 0.624687, 0
0.5325, -0.0137988, 0.630633, 0
0.533, -0.0134835, 0.636407, 0
0.5335, -0.0131653, 0.642008, 0
0.534, -0.0128443, 0.647435, 0
0.5345, -0.0125206, 0.652688, 0
0.535, -0.0121942, 0.657764, 0
0.5355, -0.0118654, 0.662664, 0
0.536, -0.011534, 0.667386, 0
0.5365, -0.0112003, 0.67193, 0
0.537, -0.0108644, 0.676295, 0
0.5375, -0.0105262, 0.68048, 0
0.538, -0.010186, 0.684486, 0
0.5385, -0.00984373, 0.688311, 0
0.539, -0.00949958, 0.691955, 0
0.5395, -0.0091536, 0.695417, 0
0.54, -0.00880589, 0.698698, 0
0.5405, -0.00845654, 0.701797, 0
0.541, -0.00810564, 0.704713, 0
0.5415, -0.00775329, 0.707448, 0
0.542, -0.00739956, 0.709999, 0
0.5425, -0.00704456, 0.712369, 0
0.543, -0.00668838, 0.714555, 0
0.5435, -0.0063311, 0.71656, 0
0.544, -0.00597282, 0.718381, 0
0.5445, -0.00561363, 0.720021, 0
0.545, -0.00525362, 0.721478, 0
0.5455, -0.00489288, 0.722754, 0
0.546, -0.0045315, 0.723848, 0
0.5465, -0.00416958, 0.724761, 0
0.547, -0.0038072, 0.725493, 0
0.5475, -0.00344445, 0.726044, 0
0.548, -0.00308143, 0.726416, 0
0.5485, -0.00271822, 0.726608, 0
0.549, -0.00235492, 0.726621, 0
0.5495, -0.00199161, 0.726457, 0
0.55, -0.00162838, 0.726114, 0
0.5505, -0.00126532, 0.725595, 0
0.551, -0.000902526, 0.724899, 0
0.5515, -0.000540076, 0.724028, 0
0.552, -0.000178062, 0.722983, 0
0.5525, 0.000183429, 0.721763, 0
0.553, 0.000544311, 0.720371, 0
0.5535, 0.000904496, 0.718806, 0
0.554, 0.0012639, 0.717071, 0
0.5545, 0.00162243, 0.715166, 0
0.555, 0.00198002, 0.713091, 0
0.5555, 0.00233656, 0.710849, 0
0.556, 0.00269199, 0.708439, 0
0.5565, 0.00304621, 0.705864, 0
0.557, 0.00339914, 0.703125, 0
0.5575, 0.0037507, 0.700221, 0
0.558, 0.00410081, 0.697156, 0
0.5585, 0.00444939, 0.693929, 0
0.559, 0.00479636, 0.690543, 0
0.5595, 0.00514163, 0.686998, 0
0.56, 0.00548513, 0.683296, 0
0.5605, 0.00582677, 0.679439, 0
0.561, 0.00616649, 0.675427, 0
0.5615, 0.00650421, 0.671261, 0
0.562, 0.00683984, 0.666945, 0
0.5625, 0.00717331, 0.662478, 0
0.563, 0.00750455, 0.657862, 0
0.5635, 0.00783348, 0.653099, 0
0.564, 0.00816003, 0.64819, 0
0.5645, 0.00848412, 0.643137, 0
0.565, 0.00880569, 0.637942, 0
0.5655, 0.00912466, 0.632605, 0
0.566, 0.00944097, 0.627129, 0
0.5665, 0.00975453, 0.621515, 0
0.567, 0.0100653, 0.615765, 0
0.5675, 0.0103732, 0.60988, 0
0.568, 0.0106781, 0.603862, 0
0.5685, 0.01098, 0.597713, 0
0.569, 0.0112789, 0.591434, 0
0.5695, 0.0115746, 0.585027, 0
0.57, 0.0118671, 0.578494, 0
0.5705, 0.0121564, 0.571837, 0
0.571, 0.0124423, 0.565056, 0
0.5715, 0.0127248, 0.558155, 0
0.572, 0.0130039, 0.551135, 0
0.5725, 0.0132795, 0.543997, 0
0.573, 0.0135515, 0.536744, 0
0.5735, 0.0138198, 0.529377, 0
0.574, 0.0140845, 0.521897, 0
0.5745, 0.0143455, 0.514308, 0
0.575, 0.0146026, 0.50661, 0
0.5755, 0.0148559, 0.498806, 0
0.576, 0.0151053, 0.490897, 0
0.5765, 0.0153508, 0.482885, 0
0.577, 0.0155922, 0.474773, 0
0.5775, 0.0158296, 0.466561, 0
0.578, 0.0160629, 0.458253, 0
0.5785, 0.016292, 0.449849, 0
0.579, 0.0165169, 0.441352, 0
0.5795, 0.0167376, 0.432763, 0
0.58, 0.016954, 0.424085, 0
0.5805, 0.017166, 0.41532, 0
0.581, 0.0173737, 0.406469, 0
0.5815, 0.0175769, 0.397534, 0
0.582, 0.0177757, 0.388517, 0
0.5825, 0.01797, 0.379421, 0
0.583, 0.0181597, 0.370247, 0
0.5835, 0.0183448, 0.360997, 0
0.584, 0.0185253, 0.351673, 0
0.5845, 0.0187011, 0.342277, 0
0.585, 0.0188723, 0.332811, 0
0.5855, 0.0190387, 0.323277, 0
0.586, 0.0192003, 0.313678, 0
0.5865, 0.0193572, 0.304014, 0
0.587, 0.0195092, 0.294288, 0
0.5875, 0.0196563, 0.284502, 0
0.588, 0.0197986, 0.274659, 0
0.5885, 0.0199359, 0.264759, 0
0.589, 0.0200683, 0.254805, 0
0.5895, 0.0201957, 0.244799, 0
0.59, 0.0203181, 0.234743, 0
0.5905, 0.0204354, 0.22464, 0
0.591, 0.0205478, 0.21449, 0
0.5915, 0.020655, 0.204296, 0
0.592, 0.0207572, 0.194061, 0
0.5925, 0.0208542, 0.183785, 0
0.593, 0.0209461, 0.173472, 0
0.5935, 0.0210328, 0.163122, 0
0.594, 0.0211144, 0.152739, 0
0.5945, 0.0211907, 0.142324, 0
0.595, 0.0212619, 0.13188, 0
0.5955, 0.0213278, 0.121407, 0
0.596, 0.0213885, 0.110909, 0
0.5965, 0.021444, 0.100387, 0
0.597, 0.0214942, 0.0898436, 0
0.5975, 0.0215391, 0.0792805, 0
0.598, 0.0215788, 0.0686999, 0
0.5985, 0.0216131, 0.0581037, 0
0.599, 0.0216422, 0.047494, 0
0.5995, 0.0216659, 0.0368729, 0
0.6, 0.0216843, 0.0262424, 0
0.6005, 0.0216975, 0.0156045, 0
0.601, 0.0217053, 0.00496129, 0
0.6015, 0.0217077, -0.0056852, 0
0.602, 0.0217049, -0.0163328, 0
0.6025, 0.0216967, -0.0269784, 0
0.603, 0.0216832, -0.0376188, 0
0.6035, 0.0216644, -0.0482509, 0
0.604, 0.0216403, -0.0588715, 0
0.6045, 0.0216109, -0.0694774, 0
0.605, 0.0215761, -0.0800655, 0
0.6055, 0.0215361, -0.0906325, 0
0.606, 0.0214908, -0.101175, 0
0.6065, 0.0214402, -0.111691, 0
0.607, 0.0213844, -0.122176, 0
0.6075, 0.0213233, -0.132628, 0
0.608, 0.021257, -0.143043, 0
0.6085, 0.0211854, -0.153419, 0
0.609, 0.0211087, -0.163751, 0
0.6095, 0.0210268, -0.174038, 0
0.61, 0.0209398, -0.184276, 0
0.6105, 0.0208477, -0.194462, 0
0.611, 0.0207505, -0.204593, 0
0.6115, 0.0206482, -0.214667, 0
0.612, 0.0205408, -0.224679, 0
0.6125, 0.0204285, -0.234628, 0
0.613, 0.0203112, -0.244511, 0
0.6135, 0.0201889, -0.254324, 0
0.614, 0.0200618, -0.264065, 0
0.6145, 0.0199297, -0.273731, 0
0.615, 0.0197929, -0.283319, 0
0.6155, 0.0196512, -0.292827, 0
0.616, 0.0195048, -0.302252, 0
0.6165, 0.0193537, -0.31159, 0
0.617, 0.0191979, -0.320841, 0
0.6175, 0.0190374, -0.33, 0
0.618, 0.0188724, -0.339065, 0
0.6185, 0.0187029, -0.348035, 0
0.619, 0.0185289, -0.356906, 0
0.6195, 0.0183504, -0.365676, 0
0.62, 0.0181676, -0.374342, 0
0.6205, 0.0179804, -0.382903, 0
0.621, 0.017789, -0.391356, 0
0.6215, 0.0175933, -0.399699, 0
0.622, 0.0173935, -0.407929, 0
0.6225, 0.0171895, -0.416044, 0
0.623, 0.0169815, -0.424043, 0
0.6235, 0.0167694, -0.431923, 0
0.624, 0.0165535, -0.439682, 0
0.6245, 0.0163336, -0.447318, 0
0.625, 0.01611, -0.45483, 0
0.6255, 0.0158826, -0.462214, 0
0.626, 0.0156515, -0.469471, 0
0.6265, 0.0154167, -0.476597, 0
0.627, 0.0151784, -0.483591, 0
0.6275, 0.0149366, -0.490451, 0
0.628, 0.0146914, -0.497176, 0
0.6285, 0.0144428, -0.503764, 0
0.629, 0.0141909, -0.510214, 0
0.6295, 0.0139358, -0.516524, 0
0.63, 0.0136776, -0.522692, 0
0.6305, 0.0134162, -0.528718, 0
0.631, 0.0131519, -0.5346, 0
0.6315, 0.0128846, -0.540337, 0
0.632, 0.0126144, -0.545927, 0
0.6325, 0.0123414, -0.551369, 0
0.633, 0.0120657, -0.556662, 0
0.6335, 0.0117874, -0.561806, 0
0.634, 0.0115065, -0.566799, 0
0.6345, 0.0112231, -0.571639, 0
0.635, 0.0109373, -0.576327, 0
0.6355, 0.0106491, -0.580862, 0
0.636, 0.0103587, -0.585242, 0
0.6365, 0.0100661, -0.589466, 0
0.637, 0.00977135, -0.593535, 0
0.6375, 0.00947458, -0.597447, 0
0.638, 0.00917586, -0.601202, 0
0.6385, 0.00887526, -0.604799, 0
0.639, 0.00857286, -0.608238, 0
0.6395, 0.00826874, -0.611518, 0
0.64, 0.00796298, -0.614639, 0
0.6405, 0.00765566, -0.6176, 0
0.641, 0.00734686, -0.620402, 0
0.6415, 0.00703666, -0.623043, 0
0.642, 0.00672514, -0.625524, 0
0.6425, 0.00641237, -0.627845, 0
0.643, 0.00609845, -0.630005, 0
0.6435, 0.00578345, -0.632004, 0
0.644, 0.00546745, -0.633842, 0
0.6445, 0.00515053, -0.635519, 0
0.645, 0.00483277, -0.637036, 0
0.6455, 0.00451425, -0.638392, 0
0.646, 0.00419505, -0.639587, 0
0.6465, 0.00387526, -0.640622, 0
0.647, 0.00355495, -0.641497, 0
0.6475, 0.0032342, -0.642212, 0
0.648, 0.00291309, -0.642767, 0
0.6485, 0.00259171, -0.643163, 0
0.649, 0.00227013, -0.6434, 0
0.6495, 0.00194843, -0.643479, 0
0.65, 0.00162669, -0.643399, 0
0.6505, 0.00130499, -0.643162, 0
0.651, 0.000983407, -0.642768, 0
0.6515, 0.000662023, -0.642218, 0
0.652, 0.000340914, -0.641512, 0
0.6525, 2.01579e-05, -0.64065, 0
0.653, -0.000300167, -0.639634, 0
0.6535, -0.000619984, -0.638464, 0
0.654, -0.000939216, -0.63714, 0
0.6545, -0.00125779, -0.635665, 0
0.655, -0.00157562, -0.634038, 0
0.6555, -0.00189264, -0.63226, 0
0.656, -0.00220877, -0.630332, 0
0.6565, -0.00252393, -0.628256, 0
0.657, -0.00283806, -0.626031, 0
0.6575, -0.00315108, -0.623659, 0
0.658, -0.00346291, -0.621141, 0
0.6585, -0.00377348, -0.618478, 0
0.659, -0.00408272, -0.615671, 0
0.6595, -0.00439055, -0.61272, 0
0.66, -0.00469691, -0.609628, 0
0.6605, -0.00500172, -0.606395, 0
0.661, -0.00530492, -0.603023, 0
0.6615, -0.00560643, -0.599512, 0
0.662, -0.00590619, -0.595863, 0
0.6625, -0.00620412, -0.592078, 0
0.663, -0.00650016, -0.588159, 0
0.6635, -0.00679424, -0.584106, 0
0.664, -0.00708629, -0.57992, 0
0.6645, -0.00737625, -0.575604, 0
0.665, -0.00766405, -0.571157, 0
0.6655, -0.00794963, -0.566583, 0
0.666, -0.00823292, -0.561881, 0
0.6665, -0.00851387, -0.557053, 0
0.667, -0.00879239, -0.552101, 0
0.6675, -0.00906844, -0.547027, 0
0.668, -0.00934196, -0.54183, 0
0.6685, -0.00961287, -0.536514, 0
0.669, -0.00988113, -0.53108, 0
0.6695, -0.0101467, -0.525528, 0
0.67, -0.0104094, -0.51986, 0
0.6705, -0.0106694, -0.514079, 0
0.671, -0.0109264, -0.508185, 0
0.6715, -0.0111805, -0.50218, 0
0.672, -0.0114316, -0.496065, 0
0.6725, -0.0116796, -0.489843, 0
0.673, -0.0119245, -0.483514, 0
0.6735, -0.0121663, -0.477081, 0
0.674, -0.0124048, -0.470544, 0
0.6745, -0.0126401, -0.463906, 0
0.675, -0.0128721, -0.457168, 0
0.6755, -0.0131006, -0.450332, 0
0.676, -0.0133258, -0.443399, 0
0.6765, -0.0135475, -0.436371, 0
0.677, -0.0137657, -0.42925, 0
0.6775, -0.0139803, -0.422037, 0
0.678, -0.0141913, -0.414735, 0
0.6785, -0.0143987, -0.407344, 0
0.679, -0.0146024, -0.399867, 0
0.6795, -0.0148023, -0.392304, 0
0.68, -0.0149985, -0.384659, 0
0.6805, -0.0151908, -0.376932, 0
0.681, -0.0153793, -0.369126, 0
0.6815, -0.0155638, -0.361242, 0
0.682, -0.0157444, -0.353282, 0
0.6825, -0.0159211, -0.345247, 0
0.683, -0.0160937, -0.33714, 0
0.6835, -0.0162623, -0.328962, 0
0.684, -0.0164268, -0.320714, 0
0.6845, -0.0165871, -0.3124, 0
0.685, -0.0167433, -0.30402, 0
0.6855, -0.0168953, -0.295576, 0
0.686, -0.0170431, -0.287071, 0
0.6865, -0.0171866, -0.278505, 0
0.687, -0.0173259, -0.269881, 0
0.6875, -0.0174608, -0.261201, 0
0.688, -0.0175914, -0.252466, 0
0.6885, -0.0177177, -0.243678, 0
0.689, -0.0178395, -0.234839, 0
0.6895, -0.0179569, -0.22595, 0
0.69, -0.0180699, -0.217015, 0
0.6905, -0.0181784, -0.208034, 0
0.691, -0.0182824, -0.199009, 0
0.6915, -0.0183819, -0.189943, 0
0.692, -0.0184769, -0.180836, 0
0.6925, -0.0185673, -0.171691, 0
0.693, -0.0186532, -0.16251, 0
0.6935, -0.0187344, -0.153295, 0
0.694, -0.0188111, -0.144047, 0
0.6945, -0.0188831, -0.134768, 0
0.695, -0.0189505, -0.125461, 0
0.6955, -0.0190132, -0.116126, 0
0.696, -0.0190713, -0.106767, 0
0.6965, -0.0191247, -0.0973836, 0
0.697, -0.0191734, -0.0879792, 0
0.6975, -0.0192173, -0.0785553, 0
0.698, -0.0192566, -0.0691138, 0
0.6985, -0.0192912, -0.0596565, 0
0.699, -0.019321, -0.0501853, 0
0.6995, -0.0193461, -0.040702, 0
0.7, -0.0193664, -0.0312086, 0
0.7005, -0.0193821, -0.0217069, 0
0.701, -0.0193929, -0.0121989, 0
0.7015, -0.019399, -0.00268628, 0
0.702, -0.0194003, 0.00682895, 0
0.7025, -0.0193969, 0.0163447, 0
0.703, -0.0193888, 0.0258582, 0
0.7035, -0.0193758, 0.0353668, 0
0.704, -0.0193581, 0.0448675, 0
0.7045, -0.0193357, 0.0543576, 0
0.705, -0.0193085, 0.0638344, 0
0.7055, -0.0192766, 0.073295, 0
0.706, -0.01924, 0.0827368, 0
0.7065, -0.0191986, 0.0921569, 0
0.707, -0.0191525, 0.101553, 0
0.7075, -0.0191017, 0.110921, 0
0.708, -0.0190463, 0.12026, 0
0.7085, -0.0189862, 0.129566, 0
0.709, -0.0189214, 0.138837, 0
0.7095, -0.018852, 0.148069, 0
0.71, -0.0187779, 0.157261, 0
0.7105, -0.0186993, 0.16641, 0
0.711, -0.0186161, 0.175513, 0
0.7115, -0.0185283, 0.184567, 0
0.712, -0.018436, 0.19357, 0
0.7125, -0.0183393, 0.202519, 0
0.713, -0.018238, 0.211412, 0
0.7135, -0.0181323, 0.220246, 0
0.714, -0.0180222, 0.229019, 0
0.7145, -0.0179077, 0.237727, 0
0.715, -0.0177888, 0.24637, 0
0.7155, -0.0176656, 0.254944, 0
0.716, -0.0175381, 0.263446, 0
0.7165, -0.0174064, 0.271875, 0
0.717, -0.0172705, 0.280228, 0
0.7175, -0.0171304, 0.288503, 0
0.718, -0.0169861, 0.296697, 0
0.7185, -0.0168378, 0.304809, 0
0.719, -0.0166854, 0.312836, 0
0.7195, -0.0165289, 0.320775, 0
0.72, -0.0163686, 0.328625, 0
0.7205, -0.0162042, 0.336384, 0
0.721, -0.0160361, 0.344049, 0
0.7215, -0.015864, 0.351619, 0
0.722, -0.0156882, 0.359091, 0
0.7225, -0.0155087, 0.366464, 0
0.723, -0.0153254, 0.373735, 0
0.7235, -0.0151386, 0.380903, 0
0.724, -0.0149481, 0.387966, 0
0.7245, -0.0147541, 0.394922, 0
0.725, -0.0145567, 0.401769, 0
0.7255, -0.0143558, 0.408505, 0
0.726, -0.0141515, 0.41513, 0
0.7265, -0.013944, 0.42164, 0
0.727, -0.0137332, 0.428035, 0
0.7275, -0.0135191, 0.434313, 0
0.728, -0.013302, 0.440473, 0
0.7285, -0.0130817, 0.446512, 0
0.729, -0.0128585, 0.452431, 0
0.7295, -0.0126323, 0.458226, 0
0.73, -0.0124032, 0.463897, 0
0.7305, -0.0121712, 0.469443, 0
0.731, -0.0119365, 0.474862, 0
0.7315, -0.0116991, 0.480153, 0
0.732, -0.011459, 0.485315, 0
0.7325, -0.0112163, 0.490347, 0
0.733, -0.0109712, 0.495247, 0
0.7335, -0.0107235, 0.500016, 0
0.734, -0.0104735, 0.50465, 0
0.7345, -0.0102212, 0.509151, 0
0.735, -0.00996662, 0.513516, 0
0.7355, -0.00970986, 0.517746, 0
0.736, -0.00945099, 0.521838, 0
0.7365, -0.00919007, 0.525793, 0
0.737, -0.00892717, 0.52961, 0
0.7375, -0.00866237, 0.533287, 0
0.738, -0.00839573, 0.536825, 0
0.7385, -0.00812731, 0.540223, 0
0.739, -0.0078572, 0.54348, 0
0.7395, -0.00758546, 0.546595, 0
0.74, -0.00731216, 0.549569, 0
0.7405, -0.00703738, 0.552401, 0
0.741, -0.00676118, 0.55509, 0
0.7415, -0.00648364, 0.557636, 0
0.742, -0.00620482, 0.560038, 0
0.7425, -0.0059248, 0.562298, 0
0.743, -0.00564365, 0.564413, 0
0.7435, -0.00536144, 0.566385, 0
0.744, -0.00507825, 0.568213, 0
0.7445, -0.00479414, 0.569897, 0
0.745, -0.00450919, 0.571436, 0
0.7455, -0.00422348, 0.572832, 0
0.746, -0.00393706, 0.574083, 0
0.7465, -0.00365002, 0.57519, 0
0.747, -0.00336242, 0.576153, 0
0.7475, -0.00307435, 0.576973, 0
0.748, -0.00278586, 0.577649, 0
0.7485, -0.00249704, 0.578181, 0
0.749, -0.00220795, 0.57857, 0
0.7495, -0.00191866, 0.578816, 0
0.75, -0.00162925, 0.57892, 0
0.7505, -0.00133979, 0.578881, 0
0.751, -0.00105035, 0.5787, 0
0.7515, -0.000761003, 0.578378, 0
0.752, -0.000471814, 0.577915, 0
0.7525, -0.000182856, 0.577312, 0
0.753, 0.0001058, 0.576568, 0
0.7535, 0.000394084, 0.575685, 0
0.754, 0.000681926, 0.574663, 0
0.7545, 0.000969258, 0.573503, 0
0.755, 0.00125601, 0.572206, 0
0.7555, 0.00154211, 0.570771, 0
0.756, 0.0018275, 0.5692, 0
0.7565, 0.0021121, 0.567494, 0
0.757, 0.00239584, 0.565653, 0
0.7575, 0.00267867, 0.563678, 0
0.758, 0.00296051, 0.561569, 0
0.7585, 0.00324129, 0.559329, 0
0.759, 0.00352096, 0.556957, 0
0.7595, 0.00379944, 0.554454, 0
0.76, 0.00407666, 0.551822, 0
0.7605, 0.00435258, 0.549061, 0
0.761, 0.00462711, 0.546173, 0
0.7615, 0.00490019, 0.543157, 0
0.762, 0.00517177, 0.540016, 0
0.7625, 0.00544178, 0.53675, 0
0.763, 0.00571015, 0.533361, 0
0.7635, 0.00597683, 0.529849, 0
0.764, 0.00624176, 0.526215, 0
0.7645, 0.00650487, 0.522462, 0
0.765, 0.0067661, 0.518589, 0
0.7655, 0.00702539, 0.514597, 0
0.766, 0.00728269, 0.510489, 0
0.7665, 0.00753794, 0.506266, 0
0.767, 0.00779107, 0.501928, 0
0.7675, 0.00804203, 0.497476, 0
0.768, 0.00829077, 0.492913, 0
0.7685, 0.00853723, 0.488239, 0
0.769, 0.00878135, 0.483456, 0
0.7695, 0.00902307, 0.478564, 0
0.77, 0.00926236, 0.473566, 0
0.7705, 0.00949914, 0.468462, 0
0.771, 0.00973337, 0.463254, 0
0.7715, 0.009965, 0.457943, 0
0.772, 0.010194, 0.452531, 0
0.7725, 0.0104202, 0.447019, 0
0.773, 0.0106437, 0.441408, 0
0.7735, 0.0108644, 0.4357, 0
0.774, 0.0110823, 0.429897, 0
0.7745, 0.0112972, 0.423999, 0
0.775, 0.0115092, 0.418008, 0
0.7755, 0.0117182, 0.411926, 0
0.776, 0.0119242, 0.405754, 0
0.7765, 0.0121271, 0.399494, 0
0.777, 0.0123268, 0.393146, 0
0.7775, 0.0125234, 0.386713, 0
0.778, 0.0127168, 0.380197, 0
0.7785, 0.0129069, 0.373598, 0
0.779, 0.0130937, 0.366918, 0
0.7795, 0.0132771, 0.360159, 0
0.78, 0.0134572, 0.353322, 0
0.7805, 0.0136339, 0.34641, 0
0.781, 0.0138071, 0.339422, 0
0.7815, 0.0139768, 0.332362, 0
0.782, 0.014143, 0.32523, 0
0.7825, 0.0143056, 0.318028, 0
0.783, 0.0144646, 0.310759, 0
0.7835, 0.01462, 0.303422, 0
0.784, 0.0147717, 0.296021, 0
0.7845, 0.0149197, 0.288557, 0
0.785, 0.015064, 0.28103, 0
0.7855, 0.0152045, 0.273444, 0
0.786, 0.0153412, 0.265799, 0
0.7865, 0.0154741, 0.258098, 0
0.787, 0.0156032, 0.250341, 0
0.7875, 0.0157283, 0.242531, 0
0.788, 0.0158496, 0.234669, 0
0.7885, 0.0159669, 0.226757, 0
0.789, 0.0160803, 0.218797, 0
0.7895, 0.0161897, 0.21079, 0
0.79, 0.0162951, 0.202738, 0
0.7905, 0.0163965, 0.194642, 0
0.791, 0.0164938, 0.186505, 0
0.7915, 0.016587, 0.178328, 0
0.792, 0.0166762, 0.170113, 0
0.7925, 0.0167613, 0.161861, 0
0.793, 0.0168422, 0.153574, 0
0.7935, 0.016919, 0.145254, 0
0.794, 0.0169916, 0.136902, 0
0.7945, 0.0170601, 0.128521, 0
0.795, 0.0171243, 0.120112, 0
0.7955, 0.0171844, 0.111676, 0
0.796, 0.0172402, 0.103216, 0
0.7965, 0.0172918, 0.0947331, 0
0.797, 0.0173392, 0.086229, 0
0.7975, 0.0173823, 0.0777055, 0
0.798, 0.0174212, 0.0691644, 0
0.7985, 0.0174557, 0.0606074, 0
0.799, 0.017486, 0.0520362, 0
0.7995, 0.0175121, 0.0434525, 0
0.8, 0.0175338, 0.0348581, 0
0.8005, 0.0175512, 0.0262548, 0
0.801, 0.0175643, 0.0176442, 0
0.8015, 0.0175732, 0.00902808, 0
0.802, 0.0175777, 0.00040824, 0
0.8025, 0.0175779, -0.00821361, 0
0.803, 0.0175738, -0.0168354, 0
0.8035, 0.0175654, -0.0254546, 0
0.804, 0.0175526, -0.0340688, 0
0.8045, 0.0175356, -0.0426755, 0
0.805, 0.0175143, -0.0512721, 0
0.8055, 0.0174886, -0.0598563, 0
0.806, 0.0174587, -0.0684255, 0
0.8065, 0.0174245, -0.0769773, 0
0.807, 0.017386, -0.0855092, 0
0.8075, 0.0173432, -0.0940187, 0
0.808, 0.0172962, -0.102503, 0
0.8085, 0.017245, -0.110961, 0
0.809, 0.0171895, -0.119389, 0
0.8095, 0.0171298, -0.127785, 0
0.81, 0.0170659, -0.136146, 0
0.8105, 0.0169978, -0.144471, 0
0.811, 0.0169256, -0.152756, 0
0.8115, 0.0168492, -0.160999, 0
0.812, 0.0167687, -0.169199, 0
0.8125, 0.0166841, -0.177353, 0
0.813, 0.0165954, -0.185458, 0
0.8135, 0.0165027, -0.193512, 0
0.814, 0.016406, -0.201513, 0
0.8145, 0.0163052, -0.209458, 0
0.815, 0.0162005, -0.217346, 0
0.8155, 0.0160918, -0.225175, 0
0.816, 0.0159792, -0.232941, 0
0.8165, 0.0158627, -0.240643, 0
0.817, 0.0157424, -0.248279, 0
0.8175, 0.0156183, -0.255846, 0
0.818, 0.0154904, -0.263344, 0
0.8185, 0.0153587, -0.270768, 0
0.819, 0.0152233, -0.278118, 0
0.8195, 0.0150842, -0.285392, 0
0.82, 0.0149415, -0.292587, 0
0.8205, 0.0147953, -0.299702, 0
0.821, 0.0146454, -0.306735, 0
0.8215, 0.014492, -0.313683, 0
0.822, 0.0143352, -0.320545, 0
0.8225, 0.0141749, -0.32732, 0
0.823, 0.0140113, -0.334005, 0
0.8235, 0.0138443, -0.340598, 0
0.824, 0.013674, -0.347099, 0
0.8245, 0.0135004, -0.353505, 0
0.825, 0.0133237, -0.359814, 0
0.8255, 0.0131438, -0.366026, 0
0.826, 0.0129607, -0.372138, 0
0.8265, 0.0127747, -0.378149, 0
0.827, 0.0125856, -0.384058, 0
0.8275, 0.0123936, -0.389862, 0
0.828, 0.0121986, -0.395561, 0
0.8285, 0.0120009, -0.401153, 0
0.829, 0.0118003, -0.406637, 0
0.8295, 0.011597, -0.412012, 0
0.83, 0.011391, -0.417276, 0
0.8305, 0.0111823, -0.422428, 0
0.831, 0.0109711, -0.427467, 0
0.8315, 0.0107574, -0.432391, 0
0.832, 0.0105412, -0.4372, 0
0.8325, 0.0103226, -0.441893, 0
0.833, 0.0101016, -0.446468, 0
0.8335, 0.00987839, -0.450925, 0
0.834, 0.00965293, -0.455262, 0
0.8345, 0.0094253, -0.459478, 0
0.835, 0.00919556, -0.463573, 0
0.8355, 0.00896377, -0.467547, 0
0.836, 0.00873, -0.471397, 0
0.8365, 0.0084943, -0.475123, 0
0.837, 0.00825674, -0.478725, 0
0.8375, 0.00801738, -0.482202, 0
0.838, 0.00777628, -0.485554, 0
0.8385, 0.0075335, -0.488779, 0
0.839, 0.00728911, -0.491876, 0
0.8395, 0.00704317, -0.494847, 0
0.84, 0.00679575, -0.497689, 0
0.8405, 0.0065469, -0.500403, 0
0.841, 0.0062967, -0.502989, 0
0.8415, 0.00604521, -0.505445, 0
0.842, 0.00579248, -0.507771, 0
0.8425, 0.0055386, -0.509968, 0
0.843, 0.00528362, -0.512034, 0
0.8435, 0.0050276, -0.513971, 0
0.844, 0.00477061, -0.515776, 0
0.8445, 0.00451272, -0.517451, 0
0.845, 0.004254, -0.518995, 0
0.8455, 0.0039945, -0.520408, 0
0.846, 0.0037343, -0.521691, 0
0.8465, 0.00347345, -0.522842, 0
0.847, 0.00321203, -0.523862, 0
0.8475, 0.0029501, -0.524752, 0
0.848, 0.00268772, -0.52551, 0
0.8485, 0.00242497, -0.526138, 0
0.849, 0.0021619, -0.526636, 0
0.8495, 0.00189858, -0.527003, 0
0.85, 0.00163508, -0.52724, 0
0.8505, 0.00137146, -0.527347, 0
0.851, 0.00110779, -0.527324, 0
0.8515, 0.000844126, -0.527172, 0
0.852, 0.000580539, -0.526892, 0
0.8525, 0.000317094, -0.526482, 0
0.853, 5.38525e-05, -0.525945, 0
0.8535, -0.00020912, -0.52528, 0
0.854, -0.00047176, -0.524487, 0
0.8545, -0.000734003, -0.523568, 0
0.855, -0.000995788, -0.522523, 0
0.8555, -0.00125705, -0.521352, 0
0.856, -0.00151772, -0.520056, 0
0.8565, -0.00177775, -0.518635, 0
0.857, -0.00203707, -0.517091, 0
0.8575, -0.00229562, -0.515423, 0
0.858, -0.00255333, -0.513633, 0
0.8585, -0.00281014, -0.511721, 0
0.859, -0.003066, -0.509688, 0
0.8595, -0.00332085, -0.507535, 0
0.86, -0.00357462, -0.505262, 0
0.8605, -0.00382725, -0.50287, 0
0.861, -0.00407868, -0.500361, 0
0.8615, -0.00432886, -0.497734, 0
0.862, -0.00457773, -0.494992, 0
0.8625, -0.00482523, -0.492134, 0
0.863, -0.00507129, -0.489161, 0
0.8635, -0.00531587, -0.486076, 0
0.864, -0.00555891, -0.482878, 0
0.8645, -0.00580035, -0.479568, 0
0.865, -0.00604013, -0.476148, 0
0.8655, -0.00627821, -0.472619, 0
0.866, -0.00651452, -0.468981, 0
0.8665, -0.00674901, -0.465235, 0
0.867, -0.00698162, -0.461384, 0
0.8675, -0.00721232, -0.457427, 0
0.868, -0.00744103, -0.453367, 0
0.8685, -0.00766771, -0.449203, 0
0.869, -0.00789232, -0.444937, 0
0.8695, -0.00811478, -0.440571, 0
0.87, -0.00833507, -0.436106, 0
0.8705, -0.00855312, -0.431542, 0
0.871, -0.00876889, -0.426881, 0
0.8715, -0.00898233, -0.422124, 0
0.872, -0.0091934, -0.417273, 0
0.8725, -0.00940203, -0.412328, 0
0.873, -0.0096082, -0.407292, 0
0.8735, -0.00981184, -0.402164, 0
0.874, -0.0100129, -0.396947, 0
0.8745, -0.0102114, -0.391642, 0
0.875, -0.0104072, -0.38625, 0
0.8755, -0.0106003, -0.380772, 0
0.876, -0.0107907, -0.37521, 0
0.8765, -0.0109783, -0.369565, 0
0.877, -0.0111631, -0.363839, 0
0.8775, -0.011345, -0.358032, 0
0.878, -0.0115241, -0.352147, 0
0.8785, -0.0117001, -0.346185, 0
0.879, -0.0118732, -0.340146, 0
0.8795, -0.0120433, -0.334033, 0
0.88, -0.0122103, -0.327847, 0
0.8805, -0.0123742, -0.321589, 0
0.881, -0.012535, -0.315261, 0
0.8815, -0.0126927, -0.308864, 0
0.882, -0.0128471, -0.3024, 0
0.8825, -0.0129983, -0.29587, 0
0.883, -0.0131462, -0.289275, 0
0.8835, -0.0132909, -0.282618, 0
0.884, -0.0134322, -0.275899, 0
0.8845, -0.0135701, -0.26912, 0
0.885, -0.0137047, -0.262283, 0
0.8855, -0.0138358, -0.255389, 0
0.886, -0.0139635, -0.248439, 0
0.8865, -0.0140877, -0.241436, 0
0.887, -0.0142085, -0.23438, 0
0.8875, -0.0143256, -0.227273, 0
0.888, -0.0144393, -0.220118, 0
0.8885, -0.0145493, -0.212914, 0
0.889, -0.0146558, -0.205664, 0
0.8895, -0.0147586, -0.19837, 0
0.89, -0.0148578, -0.191032, 0
0.8905, -0.0149533, -0.183653, 0
0.891, -0.0150452, -0.176234, 0
0.8915, -0.0151333, -0.168777, 0
0.892, -0.0152177, -0.161283, 0
0.8925, -0.0152983, -0.153754, 0
0.893, -0.0153752, -0.146191, 0
0.8935, -0.0154483, -0.138596, 0
0.894, -0.0155176, -0.13097, 0
0.8945, -0.0155831, -0.123316, 0
0.895, -0.0156447, -0.115635, 0
0.8955, -0.0157025, -0.107928, 0
0.896, -0.0157565, -0.100196, 0
0.8965, -0.0158066, -0.0924427, 0
0.897, -0.0158528, -0.0846682, 0
0.8975, -0.0158952, -0.0768744, 0
0.898, -0.0159336, -0.0690631, 0
0.8985, -0.0159681, -0.0612357, 0
0.899, -0.0159987, -0.053394, 0
0.8995, -0.0160254, -0.0455395, 0
0.9, -0.0160482, -0.0376738, 0
0.9005, -0.016067, -0.0297987, 0
0.901, -0.0160819, -0.0219155, 0
0.9015, -0.0160929, -0.0140262, 0
0.902, -0.0160999, -0.0061321, 0
0.9025, -0.016103, 0.001765, 0
0.903, -0.0161021, 0.00966351, 0
0.9035, -0.0160973, 0.0175613, 0
0.904, -0.0160885, 0.0254563, 0
0.9045, -0.0160758, 0.0333461, 0
0.905, -0.0160591, 0.0412284, 0
0.9055, -0.0160385, 0.0491012, 0
0.906, -0.0160139, 0.056962, 0
0.9065, -0.0159854, 0.0648087, 0
0.907, -0.015953, 0.0726391, 0
0.9075, -0.0159167, 0.0804509, 0
0.908, -0.0158765, 0.0882418, 0
0.9085, -0.0158324, 0.0960098, 0
0.909, -0.0157844, 0.103753, 0
0.9095, -0.0157325, 0.111468, 0
0.91, -0.0156768, 0.119154, 0
0.9105, -0.0156172, 0.126807, 0
0.911, -0.0155538, 0.134428, 0
0.9115, -0.0154866, 0.142011, 0
0.912, -0.0154156, 0.149557, 0
0.9125, -0.0153408, 0.157063, 0
0.913, -0.0152622, 0.164526, 0
0.9135, -0.01518, 0.171944, 0
0.914, -0.015094, 0.179316, 0
0.9145, -0.0150043, 0.186639, 0
0.915, -0.014911, 0.193912, 0
0.9155, -0.0148141, 0.201132, 0
0.916, -0.0147135, 0.208297, 0
0.9165, -0.0146094, 0.215405, 0
0.917, -0.0145017, 0.222455, 0
0.9175, -0.0143904, 0.229444, 0
0.918, -0.0142757, 0.236371, 0
0.9185, -0.0141575, 0.243234, 0
0.919, -0.0140359, 0.25003, 0
0.9195, -0.0139109, 0.256759, 0
0.92, -0.0137825, 0.263417, 0
0.9205, -0.0136508, 0.270004, 0
0.921, -0.0135158, 0.276517, 0
0.9215, -0.0133775, 0.282956, 0
0.922, -0.0132361, 0.289317, 0
0.9225, -0.0130914, 0.2956, 0
0.923, -0.0129436, 0.301803, 0
0.9235, -0.0127927, 0.307924, 0
0.924, -0.0126387, 0.313962, 0
0.9245, -0.0124818, 0.319915, 0
0.925, -0.0123218, 0.325781, 0
0.9255, -0.0121589, 0.33156, 0
0.926, -0.0119931, 0.337249, 0
0.9265, -0.0118245, 0.342847, 0
0.927, -0.0116531, 0.348353, 0
0.9275, -0.0114789, 0.353766, 0
0.928, -0.011302, 0.359083, 0
0.9285, -0.0111225, 0.364305, 0
0.929, -0.0109403, 0.369428, 0
0.9295, -0.0107556, 0.374453, 0
0.93, -0.0105684, 0.379379, 0
0.9305, -0.0103787, 0.384202, 0
0.931, -0.0101866, 0.388924, 0
0.9315, -0.00999213, 0.393543, 0
0.932, -0.00979536, 0.398057, 0
0.9325, -0.00959634, 0.402465, 0
0.933, -0.0093951, 0.406767, 0
0.9335, -0.00919172, 0.410962, 0
0.934, -0.00898624, 0.415048, 0
0.9345, -0.00877871, 0.419025, 0
0.935, -0.0085692, 0.422892, 0
0.9355, -0.00835776, 0.426648, 0
0.936, -0.00814443, 0.430293, 0
0.9365, -0.00792929, 0.433825, 0
0.937, -0.00771237, 0.437243, 0
0.9375, -0.00749375, 0.440548, 0
0.938, -0.00727348, 0.443739, 0
0.9385, -0.00705161, 0.446814, 0
0.939, -0.0068282, 0.449774, 0
0.9395, -0.00660331, 0.452617, 0
0.94, -0.006377, 0.455344, 0
0.9405, -0.00614933, 0.457954, 0
0.941, -0.00592036, 0.460446, 0
0.9415, -0.00569013, 0.46282, 0
0.942, -0.00545872, 0.465075, 0
0.9425, -0.00522619, 0.467212, 0
0.943, -0.00499258, 0.46923, 0
0.9435, -0.00475796, 0.471128, 0
0.944, -0.0045224, 0.472907, 0
0.9445, -0.00428595, 0.474566, 0
0.945, -0.00404866, 0.476105, 0
0.9455, -0.00381061, 0.477524, 0
0.946, -0.00357185, 0.478824, 0
0.9465, -0.00333244, 0.480002, 0
0.947, -0.00309244, 0.481061, 0
0.9475, -0.00285191, 0.481999, 0
0.948, -0.00261091, 0.482817, 0
0.9485, -0.0023695, 0.483515, 0
0.949, -0.00212774, 0.484093, 0
0.9495, -0.00188569, 0.484551, 0
0.95, -0.00164342, 0.484889, 0
0.9505, -0.00140097, 0.485107, 0
0.951, -0.00115842, 0.485206, 0
0.9515, -0.000915818, 0.485185, 0
0.952, -0.000673225, 0.485046, 0
0.9525, -0.000430702, 0.484788, 0
0.953, -0.000188308, 0.484412, 0
0.9535, 5.3898e-05, 0.483918, 0
0.954, 0.000295857, 0.483306, 0
0.9545, 0.00053751, 0.482577, 0
0.955, 0.000778798, 0.481731, 0
0.9555, 0.00101966, 0.480769, 0
0.956, 0.00126005, 0.479691, 0
0.9565, 0.00149989, 0.478497, 0
0.957, 0.00173914, 0.477189, 0
0.9575, 0.00197774, 0.475767, 0
0.958, 0.00221562, 0.474231, 0
0.9585, 0.00245274, 0.472582, 0
0.959, 0.00268903, 0.470821, 0
0.9595, 0.00292444, 0.468947, 0
0.96, 0.00315891, 0.466963, 0
0.9605, 0.00339239, 0.464869, 0
0.961, 0.00362483, 0.462664, 0
0.9615, 0.00385616, 0.460351, 0
0.962, 0.00408633, 0.45793, 0
0.9625, 0.0043153, 0.455401, 0
0.963, 0.004543, 0.452766, 0
0.9635, 0.00476938, 0.450025, 0
0.964, 0.0049944, 0.44718, 0
0.9645, 0.00521799, 0.44423, 0
0.965, 0.0054401, 0.441177, 0
0.9655, 0.00566069, 0.438022, 0
0.966, 0.0058797, 0.434766, 0
0.9665, 0.00609708, 0.43141, 0
0.967, 0.00631279, 0.427954, 0
0.9675, 0.00652676, 0.424399, 0
0.968, 0.00673896, 0.420748, 0
0.9685, 0.00694934, 0.417, 0
0.969, 0.00715784, 0.413156, 0
0.9695, 0.00736442, 0.409219, 0
0.97, 0.00756903, 0.405188, 0
0.9705, 0.00777162, 0.401065, 0
0.971, 0.00797215, 0.396851, 0
0.9715, 0.00817058, 0.392547, 0
0.972, 0.00836685, 0.388154, 0
0.9725, 0.00856093, 0.383673, 0
0.973, 0.00875276, 0.379106, 0
0.9735, 0.00894232, 0.374453, 0
0.974, 0.00912954, 0.369717, 0
0.9745, 0.0093144, 0.364897, 0
0.975, 0.00949685, 0.359995, 0
0.9755, 0.00967685, 0.355013, 0
0.976, 0.00985435, 0.349951, 0
0.9765, 0.0100293, 0.344812, 0
0.977, 0.0102017, 0.339595, 0
0.9775, 0.0103715, 0.334303, 0
0.978, 0.0105387, 0.328936, 0
0.9785, 0.0107032, 0.323496, 0
0.979, 0.0108649, 0.317985, 0
0.9795, 0.0110239, 0.312403, 0
0.98, 0.0111801, 0.306752, 0
0.9805, 0.0113335, 0.301033, 0
0.981, 0.011484, 0.295247, 0
0.9815, 0.0116316, 0.289396, 0
0.982, 0.0117763, 0.283482, 0
0.9825, 0.011918, 0.277504, 0
0.983, 0.0120568, 0.271466, 0
0.9835, 0.0121925, 0.265368, 0
0.984, 0.0123252, 0.259211, 0
0.9845, 0.0124548, 0.252998, 0
0.985, 0.0125813, 0.246729, 0
0.9855, 0.0127047, 0.240406, 0
0.986, 0.0128249, 0.234029, 0
0.9865, 0.0129419, 0.227602, 0
0.987, 0.0130557, 0.221124, 0
0.9875, 0.0131663, 0.214598, 0
0.988, 0.0132736, 0.208025, 0
0.9885, 0.0133776, 0.201406, 0
0.989, 0.0134783, 0.194743, 0
0.9895, 0.0135757, 0.188037, 0
0.99, 0.0136697, 0.18129, 0
0.9905, 0.0137603, 0.174503, 0
0.991, 0.0138476, 0.167677, 0
0.9915, 0.0139314, 0.160815, 0
0.992, 0.0140118, 0.153917, 0
0.9925, 0.0140888, 0.146985, 0
0.993, 0.0141623, 0.14002, 0
0.9935, 0.0142323, 0.133025, 0
0.994, 0.0142988, 0.125999, 0
0.9945, 0.0143618, 0.118946, 0
0.995, 0.0144213, 0.111866, 0
0.9955, 0.0144772, 0.104761, 0
0.996, 0.0145296, 0.0976329, 0
0.9965, 0.0145784, 0.0904823, 0
0.997, 0.0146236, 0.0833111, 0
0.9975, 0.0146653, 0.0761209, 0
0.998, 0.0147033, 0.068913, 0
0.9985, 0.0147378, 0.0616892, 0
0.999, 0.0147686, 0.0544508, 0
0.9995, 0.0147959, 0.0471993, 0
1, 0.0148195, 0.0399364, 0
