ThreeVessels.txt - Vessel Number 2
m = 10 A = 0.5 K = 10 y0 = -0.1 v0 = 0 h0 = 0
t yn vn hn
0, -0.1, 0, 0
0.01, 0.0494088, 0.231159, -3.42461e-06
0.02, 0.17946, 0.385778, 2.1168e-05
0.03, 0.300644, 0.526961, 7.09837e-05
0.04, 0.417732, 0.661298, 0.00014468
0.05, 0.532602, 0.791269, 0.000241601
0.06, 0.646195, 0.91811, 0.000361383
0.07, 0.759056, 1.04253, 0.000503813
0.08, 0.871528, 1.16498, 0.00066877
0.09, 0.983841, 1.28577, 0.000856191
0.1, 1.09616, 1.4051, 0.00106606
0.11, 1.20859, 1.52315, 0.00129837
0.12, 1.32123, 1.64003, 0.00155315
0.13, 1.43414, 1.75584, 0.00183046
0.14, 1.54738, 1.87064, 0.00213033
0.15, 1.66098, 1.98451, 0.00245285
0.16, 1.77498, 2.09749, 0.00279806
0.17, 1.8894, 2.20962, 0.00316606
0.18, 2.00426, 2.32094, 0.00355693
0.19, 2.11958, 2.43147, 0.00397074
0.2, 2.23536, 2.54124, 0.00440759
0.21, 2.35163, 2.65027, 0.00486757
0.22, 2.46839, 2.75858, 0.00535077
0.23, 2.58564, 2.86618, 0.00585728
0.24, 2.70339, 2.9731, 0.00638719
0.25, 2.82164, 3.07933, 0.00694061
0.26, 2.9404, 3.1849, 0.00751763
0.27, 3.05967, 3.28981, 0.00811835
0.28, 3.17944, 3.39408, 0.00874285
0.29, 3.29972, 3.4977, 0.00939124
0.3, 3.4205, 3.60068, 0.0100636
0.31, 3.54179, 3.70304, 0.0107601
0.32, 3.66359, 3.80477, 0.0114807
0.33, 3.78588, 3.90589, 0.0122256
0.34, 3.90868, 4.00639, 0.0129949
0.35, 4.03197, 4.10628, 0.0137886
0.36, 4.15575, 4.20556, 0.0146069
0.37, 4.28002, 4.30425, 0.0154499
0.38, 4.40478, 4.40233, 0.0163175
0.39, 4.53002, 4.49981, 0.0172101
0.4, 4.65573, 4.5967, 0.0181275
0.41, 4.78192, 4.69299, 0.01907
0.42, 4.90858, 4.78869, 0.0200375
0.43, 5.03571, 4.88381, 0.0210303
0.44, 5.1633, 4.97833, 0.0220483
0.45, 5.29134, 5.07227, 0.0230917
0.46, 5.41983, 5.16562, 0.0241605
0.47, 5.54876, 5.25838, 0.0252549
0.48, 5.67814, 5.35057, 0.0263749
0.49, 5.80795, 5.44217, 0.0275206
0.5, 5.9382, 5.53318, 0.0286921
0.51, 6.06886, 5.62361, 0.0298895
0.52, 6.19995, 5.71347, 0.0311128
0.53, 6.33145, 5.80274, 0.0323621
0.54, 6.46335, 5.89143, 0.0336375
0.55, 6.59566, 5.97953, 0.0349391
0.56, 6.72837, 6.06706, 0.0362669
0.57, 6.86147, 6.15401, 0.0376211
0.58, 6.99495, 6.24037, 0.0390016
0.59, 7.12881, 6.32615, 0.0404086
0.6, 7.26304, 6.41136, 0.0418422
0.61, 7.39764, 6.49598, 0.0433024
0.62, 7.5326, 6.58001, 0.0447892
0.63, 7.66792, 6.66347, 0.0463027
0.64, 7.80358, 6.74634, 0.0478431
0.65, 7.93958, 6.82863, 0.0494103
0.66, 8.07593, 6.91034, 0.0510045
0.67, 8.2126, 6.99146, 0.0526256
0.68, 8.34959, 7.07199, 0.0542738
0.69, 8.4869, 7.15194, 0.0559491
0.7, 8.62452, 7.23131, 0.0576516
0.71, 8.76245, 7.31008, 0.0593813
0.72, 8.90067, 7.38827, 0.0611383
0.73, 9.03919, 7.46587, 0.0629226
0.74, 9.17798, 7.54288, 0.0647342
0.75, 9.31706, 7.6193, 0.0665733
0.76, 9.4564, 7.69512, 0.0684399
0.77, 9.59601, 7.77035, 0.0703341
0.78, 9.73588, 7.84499, 0.0722558
0.79, 9.876, 7.91904, 0.0742051
0.8, 10.0164, 7.99249, 0.0761821
0.81, 10.157, 8.06534, 0.0781867
0.82, 10.2978, 8.13759, 0.0802192
0.83, 10.4388, 8.20925, 0.0822794
0.84, 10.5801, 8.2803, 0.0843675
0.85, 10.7216, 8.35075, 0.0864834
0.86, 10.8632, 8.4206, 0.0886272
0.87, 11.0051, 8.48984, 0.0907989
0.88, 11.1472, 8.55847, 0.0929987
0.89, 11.2894, 8.6265, 0.0952264
0.9, 11.4318, 8.69392, 0.0974821
0.91, 11.5744, 8.76073, 0.0997659
0.92, 11.7171, 8.82693, 0.102078
0.93, 11.86, 8.89251, 0.104418
0.94, 12.003, 8.95748, 0.106786
0.95, 12.1462, 9.02183, 0.109182
0.96, 12.2895, 9.08557, 0.111607
0.97, 12.4329, 9.14868, 0.114059
0.98, 12.5764, 9.21117, 0.11654
0.99, 12.72, 9.27304, 0.119049
1, 12.8637, 9.33428, 0.121586
1.01, 13.0076, 9.3949, 0.124152
1.02, 13.1514, 9.45488, 0.126746
1.03, 13.2954, 9.51424, 0.129368
1.04, 13.4394, 9.57296, 0.132018
1.05, 13.5835, 9.63105, 0.134697
1.06, 13.7277, 9.6885, 0.137404
1.07, 13.8719, 9.74531, 0.140139
1.08, 14.0161, 9.80148, 0.142903
1.09, 14.1603, 9.85701, 0.145695
1.1, 14.3046, 9.91189, 0.148515
1.11, 14.4488, 9.96613, 0.151363
1.12, 14.5931, 10.0197, 0.15424
1.13, 14.7374, 10.0726, 0.157145
1.14, 14.8816, 10.1249, 0.160078
1.15, 15.0258, 10.1765, 0.16304
1.16, 15.17, 10.2275, 0.16603
1.17, 15.3142, 10.2778, 0.169048
1.18, 15.4583, 10.3275, 0.172094
1.19, 15.6023, 10.3764, 0.175169
1.2, 15.7463, 10.4247, 0.178271
1.21, 15.8902, 10.4724, 0.181402
1.22, 16.034, 10.5193, 0.184561
1.23, 16.1777, 10.5656, 0.187748
1.24, 16.3213, 10.6112, 0.190964
1.25, 16.4648, 10.6561, 0.194207
1.26, 16.6081, 10.7003, 0.197478
1.27, 16.7514, 10.7439, 0.200778
1.28, 16.8945, 10.7867, 0.204105
1.29, 17.0374, 10.8289, 0.207461
1.3, 17.1802, 10.8704, 0.210844
1.31, 17.3228, 10.9111, 0.214255
1.32, 17.4653, 10.9512, 0.217694
1.33, 17.6075, 10.9905, 0.221161
1.34, 17.7496, 11.0292, 0.224655
1.35, 17.8914, 11.0671, 0.228177
1.36, 18.033, 11.1043, 0.231727
1.37, 18.1744, 11.1408, 0.235305
1.38, 18.3156, 11.1766, 0.23891
1.39, 18.4565, 11.2116, 0.242542
1.4, 18.5971, 11.2459, 0.246202
1.41, 18.7375, 11.2795, 0.249889
1.42, 18.8776, 11.3123, 0.253604
1.43, 19.0174, 11.3444, 0.257346
1.44, 19.1569, 11.3757, 0.261115
1.45, 19.2961, 11.4063, 0.264911
1.46, 19.435, 11.4361, 0.268734
1.47, 19.5735, 11.4652, 0.272585
1.48, 19.7117, 11.4935, 0.276462
1.49, 19.8495, 11.5211, 0.280366
1.5, 19.987, 11.5478, 0.284296
1.51, 20.124, 11.5738, 0.288254
1.52, 20.2607, 11.599, 0.292238
1.53, 20.397, 11.6235, 0.296248
1.54, 20.5329, 11.6471, 0.300285
1.55, 20.6683, 11.6699, 0.304349
1.56, 20.8033, 11.692, 0.308438
1.57, 20.9379, 11.7132, 0.312554
1.58, 21.0719, 11.7336, 0.316696
1.59, 21.2055, 11.7532, 0.320863
1.6, 21.3386, 11.772, 0.325057
1.61, 21.4712, 11.7899, 0.329276
1.62, 21.6033, 11.807, 0.333521
1.63, 21.7349, 11.8233, 0.337791
1.64, 21.8659, 11.8387, 0.342087
1.65, 21.9964, 11.8533, 0.346408
1.66, 22.1263, 11.867, 0.350755
1.67, 22.2556, 11.8798, 0.355126
1.68, 22.3843, 11.8918, 0.359522
1.69, 22.5123, 11.9029, 0.363944
1.7, 22.6398, 11.9131, 0.368389
1.71, 22.7666, 11.9224, 0.37286
1.72, 22.8928, 11.9308, 0.377354
1.73, 23.0183, 11.9383, 0.381874
1.74, 23.1431, 11.9449, 0.386417
1.75, 23.2672, 11.9506, 0.390984
1.76, 23.3905, 11.9553, 0.395575
1.77, 23.5132, 11.9591, 0.40019
1.78, 23.635, 11.9619, 0.404828
1.79, 23.7562, 11.9638, 0.40949
1.8, 23.8765, 11.9648, 0.414175
1.81, 23.996, 11.9647, 0.418883
1.82, 24.1147, 11.9637, 0.423613
1.83, 24.2326, 11.9616, 0.428367
1.84, 24.3496, 11.9586, 0.433143
1.85, 24.4657, 11.9545, 0.437942
1.86, 24.5809, 11.9495, 0.442762
1.87, 24.6952, 11.9433, 0.447605
1.88, 24.8086, 11.9362, 0.452469
1.89, 24.921, 11.928, 0.457356
1.9, 25.0325, 11.9187, 0.462263
1.91, 25.1429, 11.9083, 0.467192
1.92, 25.2524, 11.8968, 0.472142
1.93, 25.3608, 11.8843, 0.477112
1.94, 25.4681, 11.8706, 0.482103
1.95, 25.5743, 11.8557, 0.487115
1.96, 25.6795, 11.8398, 0.492147
1.97, 25.7835, 11.8226, 0.497198
1.98, 25.8864, 11.8043, 0.50227
1.99, 25.988, 11.7848, 0.507361
2, 26.0885, 11.7641, 0.512471
2.01, 26.1878, 11.7421, 0.5176
2.02, 26.2858, 11.7189, 0.522747
2.03, 26.3825, 11.6945, 0.527914
2.04, 26.4779, 11.6688, 0.533098
2.05, 26.5719, 11.6417, 0.5383
2.06, 26.6646, 11.6134, 0.54352
2.07, 26.7559, 11.5837, 0.548757
2.08, 26.8457, 11.5527, 0.554012
2.09, 26.9341, 11.5202, 0.559283
2.1, 27.021, 11.4864, 0.564571
2.11, 27.1064, 11.4512, 0.569875
2.12, 27.1902, 11.4144, 0.575194
2.13, 27.2724, 11.3763, 0.58053
2.14, 27.3529, 11.3366, 0.58588
2.15, 27.4318, 11.2953, 0.591246
2.16, 27.509, 11.2526, 0.596626
2.17, 27.5844, 11.2082, 0.60202
2.18, 27.658, 11.1622, 0.607428
2.19, 27.7297, 11.1145, 0.61285
2.2, 27.7996, 11.0652, 0.618284
2.21, 27.8675, 11.0141, 0.623732
2.22, 27.9335, 10.9612, 0.629191
2.23, 27.9974, 10.9066, 0.634663
2.24, 28.0592, 10.8501, 0.640146
2.25, 28.1189, 10.7917, 0.64564
2.26, 28.1764, 10.7314, 0.651145
2.27, 28.2316, 10.6691, 0.65666
2.28, 28.2845, 10.6047, 0.662185
2.29, 28.335, 10.5383, 0.667719
2.3, 28.383, 10.4697, 0.673262
2.31, 28.4286, 10.399, 0.678813
2.32, 28.4715, 10.3259, 0.684372
2.33, 28.5117, 10.2505, 0.689938
2.34, 28.5492, 10.1727, 0.695511
2.35, 28.5838, 10.0924, 0.70109
2.36, 28.6154, 10.0096, 0.706675
2.37, 28.6441, 9.92412, 0.712264
2.38, 28.6695, 9.83589, 0.717858
2.39, 28.6918, 9.74482, 0.723456
2.4, 28.7106, 9.6508, 0.729056
2.41, 28.7259, 9.55373, 0.734659
2.42, 28.7376, 9.45347, 0.740264
2.43, 28.7456, 9.3499, 0.745869
2.44, 28.7496, 9.24288, 0.751475
2.45, 28.7495, 9.13226, 0.75708
2.46, 28.7452, 9.01785, 0.762683
2.47, 28.7363, 8.89949, 0.768284
2.48, 28.7229, 8.77697, 0.773882
2.49, 28.7045, 8.65008, 0.779475
2.5, 28.681, 8.51857, 0.785064
2.51, 28.6521, 8.38217, 0.790646
2.52, 28.6175, 8.2406, 0.79622
2.53, 28.5768, 8.09352, 0.801787
2.54, 28.5298, 7.94056, 0.807343
2.55, 28.4759, 7.7813, 0.812888
2.56, 28.4148, 7.61529, 0.818421
2.57, 28.3458, 7.44196, 0.82394
2.58, 28.2685, 7.26072, 0.829443
2.59, 28.1821, 7.07084, 0.834929
2.6, 28.0858, 6.87148, 0.840395
2.61, 27.9787, 6.66165, 0.845841
2.62, 27.8597, 6.44018, 0.851263
2.63, 27.7275, 6.20562, 0.856659
2.64, 27.5804, 5.95621, 0.862026
2.65, 27.4163, 5.68971, 0.867361
2.66, 27.2327, 5.40328, 0.872661
2.67, 27.0261, 5.09312, 0.877921
2.68, 26.7918, 4.75406, 0.883137
2.69, 26.5231, 4.37865, 0.888302
2.7, 26.2098, 3.95549, 0.893408
2.71, 25.8346, 3.46551, 0.898446
2.72, 25.3643, 2.87188, 0.903401
2.73, 24.7134, 2.08134, 0.908247
2.74, 23.2822, 0.469441, 0.912923
2.75, 23.5426, -0.0213149, 0.917394
2.76, 15.594, 285.313, 0.921125
2.77, 18.6056, 285.504, 0.924361
2.78, 21.6183, 285.693, 0.928199
2.79, 24.632, 285.881, 0.932639
2.8, 27.6468, 286.068, 0.93768
2.81, 30.6626, 286.255, 0.943324
2.82, 33.6793, 286.44, 0.94957
2.83, 36.6971, 286.624, 0.956418
2.84, 39.7159, 286.807, 0.963868
2.85, 42.7356, 286.989, 0.971921
2.86, 45.7563, 287.17, 0.980576
2.87, 48.7779, 287.35, 0.989833
2.88, 51.8006, 287.529, 0.999693
2.89, 54.8241, 287.707, 1.01016
2.9, 57.8486, 287.884, 1.02122
2.91, 60.874, 288.06, 1.03289
2.92, 63.9003, 288.235, 1.04516
2.93, 66.9275, 288.409, 1.05803
2.94, 69.9556, 288.582, 1.07151
2.95, 72.9846, 288.754, 1.08559
2.96, 76.0145, 288.925, 1.10027
2.97, 79.0452, 289.095, 1.11556
2.98, 82.0768, 289.264, 1.13145
2.99, 85.1092, 289.431, 1.14794
3, 88.1425, 289.598, 1.16503
3.01, 91.1766, 289.764, 1.18273
3.02, 94.2115, 289.929, 1.20103
3.03, 97.2472, 290.093, 1.21994
3.04, 100.284, 290.256, 1.23945
3.05, 103.321, 290.417, 1.25956
3.06, 106.359, 290.578, 1.28027
3.07, 109.398, 290.738, 1.30159
3.08, 112.438, 290.897, 1.32351
3.09, 115.478, 291.055, 1.34604
3.1, 118.519, 291.211, 1.36917
3.11, 121.561, 291.367, 1.3929
3.12, 124.603, 291.522, 1.41724
3.13, 127.647, 291.676, 1.44218
3.14, 130.691, 291.828, 1.46773
3.15, 133.735, 291.98, 1.49387
3.16, 136.781, 292.131, 1.52062
3.17, 139.827, 292.281, 1.54798
3.18, 142.873, 292.429, 1.57594
3.19, 145.921, 292.577, 1.6045
3.2, 148.969, 292.724, 1.63367
3.21, 152.017, 292.87, 1.66344
3.22, 155.067, 293.014, 1.69381
3.23, 158.117, 293.158, 1.72479
3.24, 161.167, 293.301, 1.75637
3.25, 164.218, 293.443, 1.78856
3.26, 167.27, 293.584, 1.82135
3.27, 170.322, 293.723, 1.85474
3.28, 173.375, 293.862, 1.88874
3.29, 176.428, 294, 1.92334
3.3, 179.482, 294.137, 1.95854
3.31, 182.537, 294.273, 1.99435
3.32, 185.592, 294.408, 2.03077
3.33, 188.647, 294.541, 2.06778
3.34, 191.703, 294.674, 2.1054
3.35, 194.76, 294.806, 2.14362
3.36, 197.817, 294.937, 2.18245
3.37, 200.874, 295.067, 2.22188
3.38, 203.932, 295.196, 2.26192
3.39, 206.991, 295.324, 2.30255
3.4, 210.05, 295.451, 2.34379
3.41, 213.109, 295.577, 2.38564
3.42, 216.169, 295.702, 2.42809
3.43, 219.229, 295.826, 2.47114
3.44, 222.29, 295.949, 2.51479
3.45, 225.351, 296.071, 2.55905
3.46, 228.413, 296.192, 2.60392
3.47, 231.475, 296.312, 2.64938
3.48, 234.537, 296.431, 2.69545
3.49, 237.599, 296.549, 2.74212
3.5, 240.662, 296.666, 2.7894
3.51, 243.726, 296.782, 2.83728
3.52, 246.789, 296.897, 2.88576
3.53, 249.853, 297.011, 2.93484
3.54, 252.918, 297.125, 2.98453
3.55, 255.982, 297.237, 3.03482
3.56, 259.047, 297.348, 3.08571
3.57, 262.113, 297.458, 3.13721
3.58, 265.178, 297.568, 3.18931
3.59, 268.244, 297.676, 3.24201
3.6, 271.31, 297.783, 3.29531
3.61, 274.377, 297.889, 3.34922
3.62, 277.443, 297.995, 3.40373
3.63, 280.51, 298.099, 3.45884
3.64, 283.577, 298.203, 3.51455
3.65, 286.644, 298.305, 3.57087
3.66, 289.712, 298.406, 3.62779
3.67, 292.78, 298.507, 3.68531
3.68, 295.847, 298.606, 3.74343
3.69, 298.916, 298.705, 3.80215
3.7, 301.984, 298.802, 3.86148
3.71, 305.052, 298.899, 3.92141
3.72, 308.121, 298.995, 3.98194
3.73, 311.189, 299.089, 4.04307
3.74, 314.258, 299.183, 4.1048
3.75, 317.327, 299.276, 4.16713
3.76, 320.396, 299.367, 4.23007
3.77, 323.466, 299.458, 4.2936
3.78, 326.535, 299.548, 4.35774
3.79, 329.604, 299.636, 4.42248
3.8, 332.674, 299.724, 4.48782
3.81, 335.743, 299.811, 4.55376
3.82, 338.813, 299.897, 4.6203
3.83, 341.882, 299.982, 4.68744
3.84, 344.952, 300.066, 4.75518
3.85, 348.022, 300.149, 4.82353
3.86, 351.091, 300.231, 4.89247
3.87, 354.161, 300.312, 4.96201
3.88, 357.231, 300.392, 5.03215
3.89, 360.301, 300.471, 5.10289
3.9, 363.37, 300.549, 5.17424
3.91, 366.44, 300.626, 5.24618
3.92, 369.51, 300.702, 5.31872
3.93, 372.579, 300.777, 5.39186
3.94, 375.649, 300.851, 5.4656
3.95, 378.718, 300.924, 5.53994
3.96, 381.787, 300.997, 5.61488
3.97, 384.857, 301.068, 5.69041
3.98, 387.926, 301.138, 5.76655
3.99, 390.995, 301.208, 5.84328
4, 394.064, 301.276, 5.92062
4.01, 397.133, 301.343, 5.99855
4.02, 400.201, 301.41, 6.07707
4.03, 403.27, 301.475, 6.1562
4.04, 406.338, 301.54, 6.23593
4.05, 409.407, 301.603, 6.31625
4.06, 412.475, 301.666, 6.39717
4.07, 415.543, 301.727, 6.47869
4.08, 418.61, 301.788, 6.5608
4.09, 421.678, 301.848, 6.64351
4.1, 424.745, 301.906, 6.72682
4.11, 427.812, 301.964, 6.81072
4.12, 430.879, 302.021, 6.89523
4.13, 433.946, 302.076, 6.98032
4.14, 437.012, 302.131, 7.06602
4.15, 440.078, 302.185, 7.15231
4.16, 443.144, 302.238, 7.23919
4.17, 446.209, 302.29, 7.32668
4.18, 449.275, 302.341, 7.41475
4.19, 452.339, 302.391, 7.50343
4.2, 455.404, 302.44, 7.59269
4.21, 458.468, 302.488, 7.68256
4.22, 461.532, 302.535, 7.77302
4.23, 464.596, 302.581, 7.86407
4.24, 467.659, 302.626, 7.95571
4.25, 470.722, 302.67, 8.04796
4.26, 473.785, 302.713, 8.14079
4.27, 476.847, 302.755, 8.23422
4.28, 479.909, 302.796, 8.32824
4.29, 482.97, 302.836, 8.42286
4.3, 486.031, 302.876, 8.51807
4.31, 489.092, 302.914, 8.61387
4.32, 492.152, 302.951, 8.71027
4.33, 495.212, 302.988, 8.80725
4.34, 498.271, 303.023, 8.90483
4.35, 501.33, 303.057, 9.00301
4.36, 504.388, 303.091, 9.10177
4.37, 507.446, 303.123, 9.20113
4.38, 510.503, 303.155, 9.30108
4.39, 513.56, 303.185, 9.40162
4.4, 516.617, 303.215, 9.50275
4.41, 519.672, 303.243, 9.60447
4.42, 522.728, 303.271, 9.70678
4.43, 525.783, 303.297, 9.80968
4.44, 528.837, 303.323, 9.91318
4.45, 531.89, 303.348, 10.0173
4.46, 534.944, 303.371, 10.1219
4.47, 537.996, 303.394, 10.2272
4.48, 541.048, 303.416, 10.333
4.49, 544.1, 303.437, 10.4395
4.5, 547.15, 303.456, 10.5465
4.51, 550.2, 303.475, 10.6541
4.52, 553.25, 303.493, 10.7623
4.53, 556.299, 303.51, 10.8711
4.54, 559.347, 303.526, 10.9805
4.55, 562.395, 303.541, 11.0905
4.56, 565.442, 303.555, 11.2011
4.57, 568.488, 303.568, 11.3122
4.58, 571.534, 303.58, 11.4239
4.59, 574.578, 303.591, 11.5363
4.6, 577.623, 303.601, 11.6492
4.61, 580.666, 303.61, 11.7626
4.62, 583.709, 303.618, 11.8767
4.63, 586.751, 303.625, 11.9914
4.64, 589.792, 303.631, 12.1066
4.65, 592.833, 303.636, 12.2225
4.66, 595.872, 303.64, 12.3389
4.67, 598.911, 303.643, 12.4559
4.68, 601.949, 303.646, 12.5735
4.69, 604.987, 303.647, 12.6916
4.7, 608.023, 303.647, 12.8104
4.71, 611.059, 303.646, 12.9297
4.72, 614.094, 303.645, 13.0497
4.73, 617.128, 303.642, 13.1702
4.74, 620.161, 303.638, 13.2913
4.75, 623.194, 303.633, 13.4129
4.76, 626.225, 303.628, 13.5352
4.77, 629.256, 303.621, 13.658
4.78, 632.286, 303.614, 13.7814
4.79, 635.315, 303.605, 13.9054
4.8, 638.343, 303.595, 14.03
4.81, 641.37, 303.585, 14.1552
4.82, 644.396, 303.573, 14.2809
4.83, 647.421, 303.561, 14.4072
4.84, 650.445, 303.547, 14.5341
4.85, 653.468, 303.532, 14.6616
4.86, 656.491, 303.517, 14.7896
4.87, 659.512, 303.5, 14.9183
4.88, 662.532, 303.483, 15.0475
4.89, 665.552, 303.464, 15.1773
4.9, 668.57, 303.445, 15.3076
4.91, 671.587, 303.424, 15.4386
4.92, 674.604, 303.403, 15.5701
4.93, 677.619, 303.381, 15.7022
4.94, 680.633, 303.357, 15.8349
4.95, 683.646, 303.333, 15.9681
4.96, 686.658, 303.307, 16.102
4.97, 689.669, 303.281, 16.2364
4.98, 692.679, 303.253, 16.3713
4.99, 695.688, 303.225, 16.5069
5, 698.696, 303.196, 16.643
5.01, 701.702, 303.165, 16.7797
5.02, 704.707, 303.134, 16.917
5.03, 707.712, 303.101, 17.0549
5.04, 710.715, 303.068, 17.1933
5.05, 713.717, 303.034, 17.3323
5.06, 716.718, 302.998, 17.4718
5.07, 719.717, 302.962, 17.612
5.08, 722.715, 302.924, 17.7527
5.09, 725.713, 302.886, 17.894
5.1, 728.709, 302.847, 18.0358
5.11, 731.703, 302.806, 18.1782
5.12, 734.697, 302.765, 18.3212
5.13, 737.689, 302.722, 18.4648
5.14, 740.68, 302.679, 18.6089
5.15, 743.67, 302.635, 18.7536
5.16, 746.658, 302.589, 18.8989
5.17, 749.645, 302.543, 19.0448
5.18, 752.631, 302.495, 19.1912
5.19, 755.615, 302.447, 19.3381
5.2, 758.599, 302.397, 19.4857
5.21, 761.58, 302.347, 19.6338
5.22, 764.561, 302.295, 19.7825
5.23, 767.54, 302.243, 19.9317
5.24, 770.518, 302.189, 20.0815
5.25, 773.494, 302.135, 20.2319
5.26, 776.469, 302.079, 20.3828
5.27, 779.443, 302.023, 20.5343
5.28, 782.415, 301.965, 20.6864
5.29, 785.386, 301.907, 20.839
5.3, 788.355, 301.847, 20.9922
5.31, 791.323, 301.787, 21.146
5.32, 794.289, 301.725, 21.3003
5.33, 797.254, 301.662, 21.4552
5.34, 800.218, 301.599, 21.6107
5.35, 803.18, 301.534, 21.7667
5.36, 806.14, 301.468, 21.9232
5.37, 809.099, 301.402, 22.0804
5.38, 812.057, 301.334, 22.238
5.39, 815.013, 301.265, 22.3963
5.4, 817.967, 301.195, 22.5551
5.41, 820.92, 301.125, 22.7145
5.42, 823.871, 301.053, 22.8744
5.43, 826.821, 300.98, 23.0349
5.44, 829.769, 300.906, 23.1959
5.45, 832.716, 300.831, 23.3575
5.46, 835.661, 300.755, 23.5197
5.47, 838.604, 300.678, 23.6824
5.48, 841.546, 300.6, 23.8457
5.49, 844.486, 300.521, 24.0095
5.5, 847.424, 300.441, 24.1739
5.51, 850.361, 300.36, 24.3388
5.52, 853.296, 300.278, 24.5043
5.53, 856.229, 300.195, 24.6703
5.54, 859.161, 300.11, 24.8369
5.55, 862.091, 300.025, 25.0041
5.56, 865.019, 299.939, 25.1718
5.57, 867.946, 299.851, 25.34
5.58, 870.871, 299.763, 25.5088
5.59, 873.794, 299.674, 25.6782
5.6, 876.715, 299.583, 25.8481
5.61, 879.634, 299.492, 26.0185
5.62, 882.552, 299.399, 26.1895
5.63, 885.468, 299.305, 26.3611
5.64, 888.382, 299.211, 26.5332
5.65, 891.294, 299.115, 26.7058
5.66, 894.205, 299.018, 26.879
5.67, 897.113, 298.921, 27.0528
5.68, 900.02, 298.822, 27.2271
5.69, 902.925, 298.722, 27.4019
5.7, 905.828, 298.621, 27.5773
5.71, 908.729, 298.519, 27.7532
5.72, 911.628, 298.416, 27.9297
5.73, 914.525, 298.312, 28.1067
5.74, 917.421, 298.206, 28.2843
5.75, 920.314, 298.1, 28.4624
5.76, 923.206, 297.993, 28.641
5.77, 926.095, 297.884, 28.8202
5.78, 928.983, 297.775, 28.9999
5.79, 931.868, 297.664, 29.1802
5.8, 934.752, 297.553, 29.361
5.81, 937.633, 297.44, 29.5424
5.82, 940.513, 297.326, 29.7243
5.83, 943.391, 297.212, 29.9067
5.84, 946.266, 297.096, 30.0897
5.85, 949.139, 296.979, 30.2732
5.86, 952.011, 296.861, 30.4572
5.87, 954.88, 296.742, 30.6418
5.88, 957.747, 296.622, 30.8269
5.89, 960.612, 296.5, 31.0126
5.9, 963.475, 296.378, 31.1988
5.91, 966.336, 296.255, 31.3855
5.92, 969.195, 296.13, 31.5728
5.93, 972.051, 296.005, 31.7606
5.94, 974.906, 295.878, 31.9489
5.95, 977.758, 295.75, 32.1378
5.96, 980.608, 295.621, 32.3272
5.97, 983.456, 295.491, 32.5171
5.98, 986.302, 295.36, 32.7076
5.99, 989.145, 295.228, 32.8985
6, 991.986, 295.095, 33.0901
6.01, 994.825, 294.961, 33.2821
6.02, 997.662, 294.825, 33.4747
6.03, 1000.5, 294.689, 33.6678
6.04, 1003.33, 294.551, 33.8614
6.05, 1006.16, 294.413, 34.0556
6.06, 1008.99, 294.273, 34.2503
6.07, 1011.81, 294.132, 34.4455
6.08, 1014.63, 293.99, 34.6413
6.09, 1017.45, 293.847, 34.8375
6.1, 1020.27, 293.702, 35.0343
6.11, 1023.09, 293.557, 35.2316
6.12, 1025.9, 293.411, 35.4295
6.13, 1028.71, 293.263, 35.6278
6.14, 1031.52, 293.114, 35.8267
6.15, 1034.33, 292.965, 36.0261
6.16, 1037.13, 292.814, 36.226
6.17, 1039.93, 292.662, 36.4265
6.18, 1042.73, 292.508, 36.6275
6.19, 1045.53, 292.354, 36.829
6.2, 1048.32, 292.199, 37.031
6.21, 1051.11, 292.042, 37.2335
6.22, 1053.9, 291.885, 37.4365
6.23, 1056.69, 291.726, 37.6401
6.24, 1059.47, 291.566, 37.8442
6.25, 1062.25, 291.405, 38.0487
6.26, 1065.03, 291.243, 38.2538
6.27, 1067.81, 291.079, 38.4595
6.28, 1070.58, 290.915, 38.6656
6.29, 1073.35, 290.749, 38.8722
6.3, 1076.12, 290.582, 39.0794
6.31, 1078.89, 290.414, 39.2871
6.32, 1081.65, 290.245, 39.4953
6.33, 1084.41, 290.075, 39.704
6.34, 1087.17, 289.904, 39.9132
6.35, 1089.92, 289.731, 40.1229
6.36, 1092.68, 289.557, 40.3331
6.37, 1095.43, 289.383, 40.5438
6.38, 1098.17, 289.207, 40.7551
6.39, 1100.92, 289.029, 40.9668
6.4, 1103.66, 288.851, 41.1791
6.41, 1106.4, 288.672, 41.3918
6.42, 1109.13, 288.491, 41.6051
6.43, 1111.87, 288.309, 41.8188
6.44, 1114.6, 288.126, 42.0331
6.45, 1117.33, 287.942, 42.2479
6.46, 1120.05, 287.757, 42.4631
6.47, 1122.77, 287.57, 42.6789
6.48, 1125.49, 287.382, 42.8952
6.49, 1128.21, 287.193, 43.112
6.5, 1130.92, 287.003, 43.3293
6.51, 1133.63, 286.812, 43.547
6.52, 1136.34, 286.62, 43.7653
6.53, 1139.04, 286.426, 43.9841
6.54, 1141.75, 286.231, 44.2033
6.55, 1144.45, 286.035, 44.4231
6.56, 1147.14, 285.838, 44.6434
6.57, 1149.83, 285.639, 44.8641
6.58, 1152.52, 285.44, 45.0854
6.59, 1155.21, 285.239, 45.3071
6.6, 1157.89, 285.037, 45.5293
6.61, 1160.58, 284.834, 45.7521
6.62, 1163.25, 284.629, 45.9753
6.63, 1165.93, 284.423, 46.199
6.64, 1168.6, 284.216, 46.4232
6.65, 1171.27, 284.008, 46.6479
6.66, 1173.93, 283.799, 46.8731
6.67, 1176.6, 283.588, 47.0987
6.68, 1179.26, 283.377, 47.3249
6.69, 1181.91, 283.164, 47.5515
6.7, 1184.57, 282.949, 47.7786
6.71, 1187.21, 282.734, 48.0062
6.72, 1189.86, 282.517, 48.2343
6.73, 1192.5, 282.299, 48.4629
6.74, 1195.15, 282.08, 48.692
6.75, 1197.78, 281.859, 48.9215
6.76, 1200.42, 281.638, 49.1515
6.77, 1203.05, 281.415, 49.382
6.78, 1205.67, 281.19, 49.613
6.79, 1208.3, 280.965, 49.8445
6.8, 1210.92, 280.738, 50.0764
6.81, 1213.54, 280.51, 50.3088
6.82, 1216.15, 280.281, 50.5417
6.83, 1218.76, 280.05, 50.7751
6.84, 1221.37, 279.819, 51.0089
6.85, 1223.97, 279.585, 51.2432
6.86, 1226.57, 279.351, 51.478
6.87, 1229.17, 279.115, 51.7133
6.88, 1231.76, 278.879, 51.949
6.89, 1234.35, 278.64, 52.1852
6.9, 1236.94, 278.401, 52.4219
6.91, 1239.52, 278.16, 52.659
6.92, 1242.1, 277.918, 52.8967
6.93, 1244.68, 277.675, 53.1347
6.94, 1247.25, 277.43, 53.3733
6.95, 1249.82, 277.184, 53.6123
6.96, 1252.39, 276.937, 53.8518
6.97, 1254.95, 276.688, 54.0917
6.98, 1257.51, 276.438, 54.3321
6.99, 1260.06, 276.187, 54.573
7, 1262.61, 275.934, 54.8144
7.01, 1265.16, 275.68, 55.0562
7.02, 1267.7, 275.425, 55.2984
7.03, 1270.24, 275.169, 55.5411
7.04, 1272.78, 274.911, 55.7843
7.05, 1275.31, 274.652, 56.0279
7.06, 1277.84, 274.391, 56.272
7.07, 1280.37, 274.129, 56.5166
7.08, 1282.89, 273.866, 56.7616
7.09, 1285.41, 273.601, 57.0071
7.1, 1287.92, 273.335, 57.253
7.11, 1290.43, 273.068, 57.4993
7.12, 1292.94, 272.799, 57.7462
7.13, 1295.44, 272.529, 57.9934
7.14, 1297.94, 272.258, 58.2412
7.15, 1300.44, 271.985, 58.4893
7.16, 1302.93, 271.711, 58.738
7.17, 1305.42, 271.436, 58.987
7.18, 1307.9, 271.159, 59.2365
7.19, 1310.38, 270.88, 59.4865
7.2, 1312.85, 270.601, 59.7369
7.21, 1315.33, 270.32, 59.9878
7.22, 1317.79, 270.037, 60.2391
7.23, 1320.26, 269.753, 60.4908
7.24, 1322.72, 269.468, 60.743
7.25, 1325.17, 269.181, 60.9956
7.26, 1327.62, 268.893, 61.2487
7.27, 1330.07, 268.603, 61.5022
7.28, 1332.52, 268.312, 61.7561
7.29, 1334.95, 268.02, 62.0105
7.3, 1337.39, 267.726, 62.2653
7.31, 1339.82, 267.431, 62.5206
7.32, 1342.25, 267.134, 62.7763
7.33, 1344.67, 266.836, 63.0324
7.34, 1347.09, 266.536, 63.2889
7.35, 1349.5, 266.235, 63.5459
7.36, 1351.91, 265.933, 63.8033
7.37, 1354.32, 265.629, 64.0612
7.38, 1356.72, 265.323, 64.3195
7.39, 1359.12, 265.016, 64.5782
7.4, 1361.51, 264.708, 64.8373
7.41, 1363.9, 264.398, 65.0968
7.42, 1366.28, 264.087, 65.3568
7.43, 1368.66, 263.774, 65.6172
7.44, 1371.04, 263.46, 65.8781
7.45, 1373.41, 263.144, 66.1393
7.46, 1375.78, 262.826, 66.401
7.47, 1378.14, 262.507, 66.6631
7.48, 1380.5, 262.187, 66.9256
7.49, 1382.85, 261.865, 67.1885
7.5, 1385.2, 261.542, 67.4519
7.51, 1387.55, 261.217, 67.7157
7.52, 1389.89, 260.89, 67.9798
7.53, 1392.22, 260.562, 68.2444
7.54, 1394.55, 260.232, 68.5094
7.55, 1396.88, 259.901, 68.7749
7.56, 1399.2, 259.569, 69.0407
7.57, 1401.52, 259.234, 69.307
7.58, 1403.83, 258.898, 69.5736
7.59, 1406.14, 258.561, 69.8407
7.6, 1408.44, 258.222, 70.1081
7.61, 1410.74, 257.881, 70.376
7.62, 1413.03, 257.539, 70.6443
7.63, 1415.32, 257.195, 70.913
7.64, 1417.6, 256.85, 71.1821
7.65, 1419.88, 256.503, 71.4516
7.66, 1422.16, 256.154, 71.7215
7.67, 1424.43, 255.804, 71.9918
7.68, 1426.69, 255.452, 72.2625
7.69, 1428.95, 255.099, 72.5336
7.7, 1431.21, 254.743, 72.8051
7.71, 1433.46, 254.387, 73.077
7.72, 1435.7, 254.028, 73.3492
7.73, 1437.94, 253.668, 73.6219
7.74, 1440.18, 253.306, 73.895
7.75, 1442.41, 252.943, 74.1684
7.76, 1444.63, 252.578, 74.4423
7.77, 1446.85, 252.211, 74.7165
7.78, 1449.07, 251.842, 74.9912
7.79, 1451.28, 251.472, 75.2662
7.8, 1453.48, 251.1, 75.5416
7.81, 1455.68, 250.727, 75.8174
7.82, 1457.87, 250.351, 76.0936
7.83, 1460.06, 249.974, 76.3701
7.84, 1462.25, 249.596, 76.6471
7.85, 1464.43, 249.215, 76.9244
7.86, 1466.6, 248.833, 77.2021
7.87, 1468.77, 248.449, 77.4802
7.88, 1470.93, 248.063, 77.7586
7.89, 1473.09, 247.675, 78.0374
7.9, 1475.24, 247.286, 78.3167
7.91, 1477.39, 246.895, 78.5962
7.92, 1479.53, 246.502, 78.8762
7.93, 1481.66, 246.107, 79.1565
7.94, 1483.79, 245.71, 79.4372
7.95, 1485.92, 245.312, 79.7183
7.96, 1488.04, 244.912, 79.9997
7.97, 1490.15, 244.51, 80.2815
7.98, 1492.26, 244.106, 80.5637
7.99, 1494.36, 243.7, 80.8462
8, 1496.46, 243.293, 81.1291
8.01, 1498.55, 242.883, 81.4124
8.02, 1500.64, 242.472, 81.696
8.03, 1502.72, 242.059, 81.98
8.04, 1504.79, 241.643, 82.2643
8.05, 1506.86, 241.226, 82.549
8.06, 1508.93, 240.807, 82.8341
8.07, 1510.98, 240.387, 83.1195
8.08, 1513.03, 239.964, 83.4052
8.09, 1515.08, 239.539, 83.6913
8.1, 1517.12, 239.112, 83.9778
8.11, 1519.15, 238.684, 84.2646
8.12, 1521.18, 238.253, 84.5518
8.13, 1523.2, 237.82, 84.8393
8.14, 1525.22, 237.386, 85.1271
8.15, 1527.23, 236.949, 85.4153
8.16, 1529.23, 236.511, 85.7039
8.17, 1531.23, 236.07, 85.9928
8.18, 1533.22, 235.627, 86.282
8.19, 1535.21, 235.183, 86.5716
8.2, 1537.19, 234.736, 86.8615
8.21, 1539.16, 234.287, 87.1517
8.22, 1541.13, 233.836, 87.4423
8.23, 1543.09, 233.383, 87.7332
8.24, 1545.04, 232.928, 88.0245
8.25, 1546.99, 232.471, 88.3161
8.26, 1548.93, 232.011, 88.608
8.27, 1550.87, 231.55, 88.9002
8.28, 1552.8, 231.086, 89.1928
8.29, 1554.72, 230.621, 89.4857
8.3, 1556.63, 230.153, 89.7789
8.31, 1558.54, 229.682, 90.0724
8.32, 1560.45, 229.21, 90.3663
8.33, 1562.34, 228.736, 90.6605
8.34, 1564.23, 228.259, 90.955
8.35, 1566.12, 227.78, 91.2498
8.36, 1567.99, 227.299, 91.545
8.37, 1569.86, 226.815, 91.8404
8.38, 1571.73, 226.329, 92.1362
8.39, 1573.58, 225.841, 92.4323
8.4, 1575.43, 225.351, 92.7287
8.41, 1577.27, 224.858, 93.0254
8.42, 1579.11, 224.363, 93.3224
8.43, 1580.94, 223.866, 93.6197
8.44, 1582.76, 223.366, 93.9174
8.45, 1584.58, 222.864, 94.2153
8.46, 1586.38, 222.36, 94.5135
8.47, 1588.19, 221.853, 94.8121
8.48, 1589.98, 221.344, 95.1109
8.49, 1591.77, 220.832, 95.41
8.5, 1593.55, 220.318, 95.7095
8.51, 1595.32, 219.801, 96.0092
8.52, 1597.08, 219.282, 96.3092
8.53, 1598.84, 218.76, 96.6095
8.54, 1600.59, 218.236, 96.9101
8.55, 1602.34, 217.71, 97.211
8.56, 1604.07, 217.18, 97.5122
8.57, 1605.8, 216.649, 97.8137
8.58, 1607.52, 216.114, 98.1154
8.59, 1609.23, 215.577, 98.4175
8.6, 1610.94, 215.038, 98.7198
8.61, 1612.64, 214.495, 99.0224
8.62, 1614.33, 213.95, 99.3253
8.63, 1616.01, 213.403, 99.6284
8.64, 1617.69, 212.852, 99.9318
8.65, 1619.35, 212.299, 100.236
8.66, 1621.01, 211.744, 100.54
8.67, 1622.67, 211.185, 100.844
8.68, 1624.31, 210.624, 101.148
8.69, 1625.95, 210.06, 101.453
8.7, 1627.57, 209.493, 101.758
8.71, 1629.19, 208.923, 102.063
8.72, 1630.81, 208.35, 102.369
8.73, 1632.41, 207.775, 102.675
8.74, 1634, 207.196, 102.981
8.75, 1635.59, 206.615, 103.287
8.76, 1637.17, 206.03, 103.594
8.77, 1638.74, 205.443, 103.901
8.78, 1640.3, 204.852, 104.208
8.79, 1641.86, 204.259, 104.515
8.8, 1643.4, 203.662, 104.823
8.81, 1644.94, 203.063, 105.131
8.82, 1646.47, 202.46, 105.439
8.83, 1647.99, 201.854, 105.747
8.84, 1649.5, 201.245, 106.056
8.85, 1651, 200.633, 106.364
8.86, 1652.49, 200.017, 106.674
8.87, 1653.98, 199.399, 106.983
8.88, 1655.45, 198.777, 107.292
8.89, 1656.92, 198.151, 107.602
8.9, 1658.38, 197.523, 107.912
8.91, 1659.82, 196.891, 108.222
8.92, 1661.26, 196.255, 108.533
8.93, 1662.69, 195.616, 108.843
8.94, 1664.11, 194.974, 109.154
8.95, 1665.52, 194.328, 109.465
8.96, 1666.93, 193.679, 109.777
8.97, 1668.32, 193.026, 110.088
8.98, 1669.7, 192.369, 110.4
8.99, 1671.07, 191.709, 110.712
9, 1672.44, 191.045, 111.024
9.01, 1673.79, 190.377, 111.337
9.02, 1675.14, 189.706, 111.649
9.03, 1676.47, 189.031, 111.962
9.04, 1677.79, 188.352, 112.275
9.05, 1679.11, 187.669, 112.588
9.06, 1680.41, 186.982, 112.902
9.07, 1681.71, 186.291, 113.215
9.08, 1682.99, 185.597, 113.529
9.09, 1684.26, 184.898, 113.843
9.1, 1685.53, 184.195, 114.157
9.11, 1686.78, 183.488, 114.472
9.12, 1688.02, 182.776, 114.786
9.13, 1689.25, 182.061, 115.101
9.14, 1690.47, 181.341, 115.416
9.15, 1691.68, 180.617, 115.731
9.16, 1692.88, 179.889, 116.046
9.17, 1694.07, 179.156, 116.362
9.18, 1695.24, 178.418, 116.678
9.19, 1696.41, 177.676, 116.993
9.2, 1697.56, 176.93, 117.309
9.21, 1698.71, 176.179, 117.625
9.22, 1699.84, 175.423, 117.942
9.23, 1700.96, 174.662, 118.258
9.24, 1702.07, 173.897, 118.575
9.25, 1703.16, 173.126, 118.892
9.26, 1704.25, 172.351, 119.209
9.27, 1705.32, 171.57, 119.526
9.28, 1706.38, 170.785, 119.843
9.29, 1707.43, 169.994, 120.16
9.3, 1708.47, 169.198, 120.478
9.31, 1709.49, 168.397, 120.796
9.32, 1710.5, 167.59, 121.113
9.33, 1711.5, 166.778, 121.431
9.34, 1712.49, 165.96, 121.75
9.35, 1713.46, 165.137, 122.068
9.36, 1714.42, 164.308, 122.386
9.37, 1715.37, 163.473, 122.705
9.38, 1716.3, 162.633, 123.023
9.39, 1717.22, 161.786, 123.342
9.4, 1718.13, 160.933, 123.661
9.41, 1719.02, 160.074, 123.98
9.42, 1719.9, 159.209, 124.299
9.43, 1720.76, 158.338, 124.618
9.44, 1721.61, 157.46, 124.937
9.45, 1722.45, 156.575, 125.257
9.46, 1723.27, 155.684, 125.576
9.47, 1724.08, 154.786, 125.896
9.48, 1724.88, 153.881, 126.216
9.49, 1725.65, 152.968, 126.535
9.5, 1726.42, 152.049, 126.855
9.51, 1727.16, 151.123, 127.175
9.52, 1727.9, 150.189, 127.495
9.53, 1728.61, 149.247, 127.815
9.54, 1729.31, 148.298, 128.136
9.55, 1730, 147.341, 128.456
9.56, 1730.67, 146.375, 128.776
9.57, 1731.32, 145.402, 129.097
9.58, 1731.95, 144.42, 129.417
9.59, 1732.57, 143.43, 129.738
9.6, 1733.17, 142.431, 130.058
9.61, 1733.76, 141.423, 130.379
9.62, 1734.32, 140.406, 130.7
9.63, 1734.87, 139.38, 131.021
9.64, 1735.4, 138.344, 131.341
9.65, 1735.91, 137.299, 131.662
9.66, 1736.4, 136.244, 131.983
9.67, 1736.88, 135.178, 132.304
9.68, 1737.33, 134.102, 132.625
9.69, 1737.77, 133.016, 132.946
9.7, 1738.18, 131.918, 133.267
9.71, 1738.58, 130.81, 133.588
9.72, 1738.95, 129.689, 133.909
9.73, 1739.3, 128.557, 134.23
9.74, 1739.63, 127.413, 134.551
9.75, 1739.94, 126.257, 134.872
9.76, 1740.23, 125.088, 135.193
9.77, 1740.49, 123.905, 135.514
9.78, 1740.74, 122.709, 135.835
9.79, 1740.95, 121.499, 136.156
9.8, 1741.15, 120.275, 136.477
9.81, 1741.32, 119.036, 136.798
9.82, 1741.46, 117.782, 137.119
9.83, 1741.58, 116.512, 137.44
9.84, 1741.67, 115.225, 137.761
9.85, 1741.73, 113.922, 138.081
9.86, 1741.77, 112.602, 138.402
9.87, 1741.78, 111.263, 138.723
9.88, 1741.76, 109.905, 139.043
9.89, 1741.71, 108.528, 139.364
9.9, 1741.63, 107.131, 139.684
9.91, 1741.52, 105.713, 140.005
9.92, 1741.37, 104.273, 140.325
9.93, 1741.19, 102.81, 140.645
9.94, 1740.98, 101.323, 140.965
9.95, 1740.73, 99.8114, 141.285
9.96, 1740.45, 98.2736, 141.605
9.97, 1740.12, 96.7086, 141.925
9.98, 1739.76, 95.1148, 142.245
9.99, 1739.36, 93.4909, 142.564
10, 1738.91, 91.8351, 142.883
