0, 0.1, -0.5, 0
0.005, 0.0975, -0.98425, 0
0.01, 0.0925788, -1.43827, 0
0.015, 0.0853874, -1.84065, 0
0.02, 0.0761841, -2.17478, 0
0.025, 0.0653103, -2.43022, 0
0.03, 0.0531592, -2.60292, 0
0.035, 0.0401446, -2.69428, 0
0.04, 0.0266732, -2.70971, 0
0.045, 0.0131246, -2.65698, 0
0.05, -0.000160311, -2.54487, 0
0.055, -0.0128847, -2.38217, 0
0.06, -0.0247955, -2.17711, 0
0.065, -0.0356811, -1.93699, 0
0.07, -0.045366, -1.66818, 0
0.075, -0.0537069, -1.37608, 0
0.08, -0.0605873, -1.06531, 0
0.085, -0.0659139, -0.739759, 0
0.09, -0.0696127, -0.402771, 0
0.095, -0.0716265, -0.0572651, 0
0.1, -0.0719128, 0.294145, 0
0.105, -0.0704421, 0.644714, 0
0.11, -0.0672185, 0.979841, 0
0.115, -0.0623193, 1.28555, 0
0.12, -0.0558916, 1.54991, 0
0.125, -0.0481421, 1.764, 0
0.13, -0.0393221, 1.92234, 0
0.135, -0.0297103, 2.02283, 0
0.14, -0.0195962, 2.06627, 0
0.145, -0.00926484, 2.05565, 0
0.15, 0.0010134, 1.99545, 0
0.155, 0.0109907, 1.89093, 0
0.16, 0.0204453, 1.74763, 0
0.165, 0.0291835, 1.57099, 0
0.17, 0.0370385, 1.36615, 0
0.175, 0.0438692, 1.13782, 0
0.18, 0.0495583, 0.890272, 0
0.185, 0.0540097, 0.627374, 0
0.19, 0.0571465, 0.352617, 0
0.195, 0.0589096, 0.0692043, 0
0.2, 0.0592556, -0.219867, 0
0.205, 0.0581563, -0.509307, 0
0.21, 0.0556098, -0.788079, 0
0.215, 0.0516694, -1.04532, 0
0.22, 0.0464428, -1.27144, 0
0.225, 0.0400856, -1.45883, 0
0.23, 0.0327914, -1.60224, 0
0.235, 0.0247802, -1.69891, 0
0.24, 0.0162857, -1.7483, 0
0.245, 0.00754423, -1.75176, 0
0.25, -0.00121459, -1.71205, 0
0.255, -0.00977484, -1.63282, 0
0.26, -0.0179389, -1.51822, 0
0.265, -0.02553, -1.3726, 0
0.27, -0.032393, -1.20028, 0
0.275, -0.0383944, -1.00537, 0
0.28, -0.0434213, -0.791779, 0
0.285, -0.0473802, -0.563125, 0
0.29, -0.0501958, -0.322797, 0
0.295, -0.0518098, -0.0739819, 0
0.3, -0.0521797, 0.180282, 0
0.305, -0.0512783, 0.435411, 0
0.31, -0.0491012, 0.682191, 0
0.315, -0.0456903, 0.911398, 0
0.32, -0.0411333, 1.11474, 0
0.325, -0.0355596, 1.28543, 0
0.33, -0.0291324, 1.41855, 0
0.335, -0.0220397, 1.51113, 0
0.34, -0.014484, 1.56215, 0
0.345, -0.00667324, 1.57219, 0
0.35, 0.00118769, 1.54312, 0
0.355, 0.00890331, 1.47777, 0
0.36, 0.0162921, 1.3795, 0
0.365, 0.0231897, 1.25201, 0
0.37, 0.0294497, 1.09908, 0
0.375, 0.0349451, 0.924429, 0
0.38, 0.0395673, 0.731659, 0
0.385, 0.0432256, 0.524199, 0
0.39, 0.0458466, 0.305308, 0
0.395, 0.0473731, 0.0780999, 0
0.4, 0.0477636, -0.154418, 0
0.405, 0.0469915, -0.388102, 0
0.41, 0.045051, -0.61483, 0
0.415, 0.0419768, -0.826354, 0
0.42, 0.0378451, -1.01518, 0
0.425, 0.0327692, -1.17504, 0
0.43, 0.026894, -1.30126, 0
0.435, 0.0203877, -1.39084, 0
0.44, 0.0134334, -1.44248, 0
0.445, 0.00622104, -1.45635, 0
0.45, -0.00106074, -1.43384, 0
0.455, -0.00822996, -1.37724, 0
0.46, -0.0151162, -1.28946, 0
0.465, -0.0215635, -1.17374, 0
0.47, -0.0274322, -1.03353, 0
0.475, -0.0325998, -0.872274, 0
0.48, -0.0369612, -0.69335, 0
0.485, -0.040428, -0.500037, 0
0.49, -0.0429281, -0.295487, 0
0.495, -0.0444056, -0.0827412, 0
0.5, -0.0448193, 0.135239, 0
0.505, -0.0441431, 0.354621, 0
0.51, -0.04237, 0.567999, 0
0.515, -0.03953, 0.767758, 0
0.52, -0.0356912, 0.946916, 0
0.525, -0.0309566, 1.09957, 0
0.53, -0.0254588, 1.22118, 0
0.535, -0.0193529, 1.30877, 0
0.54, -0.012809, 1.36088, 0
0.545, -0.00600462, 1.37741, 0
0.55, 0.000882411, 1.35943, 0
0.555, 0.00767955, 1.3089, 0
0.56, 0.014224, 1.2284, 0
0.565, 0.020366, 1.12091, 0
0.57, 0.0259706, 0.989601, 0
0.575, 0.0309186, 0.837732, 0
0.58, 0.0351073, 0.668532, 0
0.585, 0.0384499, 0.485157, 0
0.59, 0.0408757, 0.290676, 0
0.595, 0.0423291, 0.0880685, 0
0.6, 0.0427694, -0.119749, 0
0.605, 0.0421707, -0.329175, 0
0.61, 0.0405248, -0.533313, 0
0.615, 0.0378582, -0.724977, 0
0.62, 0.0342333, -0.897532, 0
0.625, 0.0297457, -1.04531, 0
0.63, 0.0245192, -1.16389, 0
0.635, 0.0186997, -1.25029, 0
0.64, 0.0124482, -1.30293, 0
0.645, 0.00593355, -1.32155, 0
0.65, -0.000674211, -1.30699, 0
0.655, -0.00720918, -1.26098, 0
0.66, -0.0135141, -1.18587, 0
0.665, -0.0194434, -1.08442, 0
0.67, -0.0248655, -0.959655, 0
0.675, -0.0296638, -0.814666, 0
0.68, -0.0337371, -0.652573, 0
0.685, -0.037, -0.476446, 0
0.69, -0.0393822, -0.289286, 0
0.695, -0.0408287, -0.0940238, 0
0.7, -0.0412988, 0.106462, 0
0.705, -0.0407665, 0.308749, 0
0.71, -0.0392227, 0.506326, 0
0.715, -0.0366911, 0.692304, 0
0.72, -0.0332296, 0.860292, 0
0.725, -0.0289281, 1.00478, 0
0.73, -0.0239042, 1.12143, 0
0.735, -0.0182971, 1.20724, 0
0.74, -0.0122608, 1.26055, 0
0.745, -0.00595808, 1.28097, 0
0.75, 0.000446767, 1.26917, 0
0.755, 0.00679262, 1.22671, 0
0.76, 0.0129262, 1.15577, 0
0.765, 0.018705, 1.05897, 0
0.77, 0.0239999, 0.93919, 0
0.775, 0.0286958, 0.799418, 0
0.78, 0.0326929, 0.642688, 0
0.785, 0.0359064, 0.472003, 0
0.79, 0.0382664, 0.290313, 0
0.795, 0.039718, 0.100509, 0
0.8, 0.0402205, -0.09456, 0
0.805, 0.0397477, -0.291618, 0
0.81, 0.0382896, -0.484455, 0
0.815, 0.0358673, -0.666398, 0
0.82, 0.0325354, -0.831225, 0
0.825, 0.0283792, -0.973537, 0
0.83, 0.0235115, -1.08904, 0
0.835, 0.0180663, -1.17472, 0
0.84, 0.0121927, -1.22883, 0
0.845, 0.00604858, -1.25089, 0
0.85, -0.000205861, -1.24144, 0
0.855, -0.00641305, -1.2019, 0
0.86, -0.0124225, -1.13433, 0
0.865, -0.0180942, -1.04123, 0
0.87, -0.0233003, -0.925373, 0
0.875, -0.0279272, -0.789677, 0
0.88, -0.0318756, -0.637104, 0
0.885, -0.0350611, -0.470607, 0
0.89, -0.0374141, -0.293095, 0
0.895, -0.0388796, -0.107431, 0
0.9, -0.0394168, 0.0835616, 0
0.905, -0.038999, 0.276726, 0
0.91, -0.0376153, 0.466102, 0
0.915, -0.0352848, 0.645174, 0
0.92, -0.032059, 0.80784, 0
0.925, -0.0280198, 0.948774, 0
0.93, -0.0232759, 1.06371, 0
0.935, -0.0179574, 1.14959, 0
0.94, -0.0122094, 1.20463, 0
0.945, -0.00618627, 1.22824, 0
0.95, -4.5078e-05, 1.22087, 0
0.955, 0.00605926, 1.18383, 0
0.96, 0.0119784, 1.11907, 0
0.965, 0.0175737, 1.02901, 0
0.97, 0.0227188, 0.916337, 0
0.975, 0.0273005, 0.78391, 0
0.98, 0.03122, 0.634638, 0
0.985, 0.0343932, 0.471435, 0
0.99, 0.0367504, 0.29718, 0
0.995, 0.0382363, 0.114711, 0
1, 0.0388098, -0.0731667, 0
