SV-ND.txt - Vessel Number 1
m = 1 A = 0.1 K = 0 y0 = -0.1 v0 = 0 h0 = 0
t yn vn hn
yBar = 0.01
deltaT = 0.001
0, -0.1, 0, 0
0.001, -0.1, 0.0981, 0
0.002, -0.0999019, 0.12498, 0
0.003, -0.0997769, 0.150407, 0
0.004, -0.0996265, 0.174906, 0
0.005, -0.0994516, 0.19875, 0
0.006, -0.0992529, 0.222104, 0
0.007, -0.0990308, 0.245074, 0
0.008, -0.0987857, 0.267733, 0
0.009, -0.0985179, 0.290136, 0
0.01, -0.0982278, 0.312323, 0
0.011, -0.0979155, 0.334323, 0
0.012, -0.0975812, 0.356163, 0
0.013, -0.097225, 0.377862, 0
0.014, -0.0968471, 0.399435, 0
0.015, -0.0964477, 0.420896, 0
0.016, -0.0960268, 0.442257, 0
0.017, -0.0955846, 0.463526, 0
0.018, -0.095121, 0.484712, 0
0.019, -0.0946363, 0.505821, 0
0.02, -0.0941305, 0.526861, 0
0.021, -0.0936036, 0.547835, 0
0.022, -0.0930558, 0.56875, 0
0.023, -0.092487, 0.589608, 0
0.024, -0.0918974, 0.610414, 0
0.025, -0.091287, 0.631171, 0
0.026, -0.0906559, 0.651882, 0
0.027, -0.090004, 0.672549, 0
0.028, -0.0893314, 0.693175, 0
0.029, -0.0886382, 0.713762, 0
0.03, -0.0879245, 0.734312, 0
0.031, -0.0871902, 0.754828, 0
0.032, -0.0864353, 0.77531, 0
0.033, -0.08566, 0.795759, 0
0.034, -0.0848643, 0.816179, 0
0.035, -0.0840481, 0.836569, 0
0.036, -0.0832115, 0.856931, 0
0.037, -0.0823546, 0.877266, 0
0.038, -0.0814773, 0.897576, 0
0.039, -0.0805798, 0.91786, 0
0.04, -0.0796619, 0.938121, 0
0.041, -0.0787238, 0.958358, 0
0.042, -0.0777654, 0.978573, 0
0.043, -0.0767868, 0.998766, 0
0.044, -0.0757881, 1.01894, 0
0.045, -0.0747691, 1.03909, 0
0.046, -0.07373, 1.05922, 0
0.047, -0.0726708, 1.07934, 0
0.048, -0.0715915, 1.09943, 0
0.049, -0.0704921, 1.11951, 0
0.05, -0.0693726, 1.13956, 0
0.051, -0.068233, 1.15961, 0
0.052, -0.0670734, 1.17963, 0
0.053, -0.0658938, 1.19964, 0
0.054, -0.0646941, 1.21963, 0
0.055, -0.0634745, 1.23961, 0
0.056, -0.0622349, 1.25957, 0
0.057, -0.0609753, 1.27952, 0
0.058, -0.0596958, 1.29945, 0
0.059, -0.0583963, 1.31936, 0
0.06, -0.057077, 1.33927, 0
0.061, -0.0557377, 1.35916, 0
0.062, -0.0543786, 1.37903, 0
0.063, -0.0529995, 1.3989, 0
0.064, -0.0516006, 1.41875, 0
0.065, -0.0501819, 1.43858, 0
0.066, -0.0487433, 1.45841, 0
0.067, -0.0472849, 1.47822, 0
0.068, -0.0458067, 1.49802, 0
0.069, -0.0443087, 1.51781, 0
0.07, -0.0427908, 1.53758, 0
0.071, -0.0412533, 1.55735, 0
0.072, -0.0396959, 1.5771, 0
0.073, -0.0381188, 1.59684, 0
0.074, -0.036522, 1.61657, 0
0.075, -0.0349054, 1.63629, 0
0.076, -0.0332691, 1.656, 0
0.077, -0.0316131, 1.6757, 0
0.078, -0.0299374, 1.69539, 0
0.079, -0.028242, 1.71506, 0
0.08, -0.026527, 1.73473, 0
0.081, -0.0247922, 1.75439, 0
0.082, -0.0230378, 1.77403, 0
0.083, -0.0212638, 1.79367, 0
0.084, -0.0194701, 1.8133, 0
0.085, -0.0176568, 1.83292, 0
0.086, -0.0158239, 1.85252, 0
0.087, -0.0139714, 1.87212, 0
0.088, -0.0120993, 1.89171, 0
0.089, -0.0102076, 1.91129, 0
0.09, -0.00829628, 1.93086, 0
0.091, -0.00636542, 1.95042, 0
0.092, -0.004415, 1.96997, 0
0.093, -0.00244503, 1.98951, 0
0.094, -0.000455514, 2.00905, 0
0.095, 0.00155353, 2.02857, 0
0.096, 0.00358211, 2.04809, 0
0.097, 0.0056302, 2.0676, 0
0.098, 0.00769779, 2.0871, 0
0.099, 0.00978489, 2.10659, 0
0.1, 0.0118915, 2.12607, 0
0.101, 0.0140175, 2.14554, 0
0.102, 0.0161631, 2.16501, 0
0.103, 0.0183281, 2.18446, 0
0.104, 0.0205126, 2.20391, 0
0.105, 0.0227165, 2.22335, 0
0.106, 0.0249398, 2.24279, 0
0.107, 0.0271826, 2.26221, 0
0.108, 0.0294448, 2.28163, 0
0.109, 0.0317264, 2.30103, 0
0.11, 0.0340275, 2.32043, 0
0.111, 0.0363479, 2.33983, 0
0.112, 0.0386877, 2.35921, 0
0.113, 0.0410469, 2.37859, 0
0.114, 0.0434255, 2.39796, 0
0.115, 0.0458235, 2.41732, 0
0.116, 0.0482408, 2.43667, 0
0.117, 0.0506775, 2.45602, 0
0.118, 0.0531335, 2.47536, 0
0.119, 0.0556089, 2.49469, 0
0.12, 0.0581036, 2.51401, 0
0.121, 0.0606176, 2.53333, 0
0.122, 0.0631509, 2.55264, 0
0.123, 0.0657035, 2.57194, 0
0.124, 0.0682755, 2.59124, 0
0.125, 0.0708667, 2.61052, 0
0.126, 0.0734772, 2.6298, 0
0.127, 0.076107, 2.64908, 0
0.128, 0.0787561, 2.66834, 0
0.129, 0.0814245, 2.6876, 0
0.13, 0.0841121, 2.70685, 0
0.131, 0.0868189, 2.72609, 0
0.132, 0.089545, 2.74533, 0
0.133, 0.0922903, 2.76456, 0
0.134, 0.0950549, 2.78378, 0
0.135, 0.0978387, 2.803, 0
0.136, 0.100642, 2.82221, 0
0.137, 0.103464, 2.84141, 0
0.138, 0.106305, 2.86061, 0
0.139, 0.109166, 2.87979, 0
0.14, 0.112046, 2.89898, 0
0.141, 0.114945, 2.91815, 0
0.142, 0.117863, 2.93732, 0
0.143, 0.1208, 2.95648, 0
0.144, 0.123757, 2.97563, 0
0.145, 0.126732, 2.99478, 0
0.146, 0.129727, 3.01392, 0
0.147, 0.132741, 3.03306, 0
0.148, 0.135774, 3.05219, 0
0.149, 0.138826, 3.07131, 0
0.15, 0.141898, 3.09042, 0
0.151, 0.144988, 3.10953, 0
0.152, 0.148097, 3.12863, 0
0.153, 0.151226, 3.14772, 0
0.154, 0.154374, 3.16681, 0
0.155, 0.157541, 3.18589, 0
0.156, 0.160727, 3.20497, 0
0.157, 0.163931, 3.22404, 0
0.158, 0.167156, 3.2431, 0
0.159, 0.170399, 3.26215, 0
0.16, 0.173661, 3.2812, 0
0.161, 0.176942, 3.30025, 0
0.162, 0.180242, 3.31928, 0
0.163, 0.183562, 3.33831, 0
0.164, 0.1869, 3.35734, 0
0.165, 0.190257, 3.37635, 0
0.166, 0.193634, 3.39536, 0
0.167, 0.197029, 3.41437, 0
0.168, 0.200443, 3.43337, 0
0.169, 0.203877, 3.45236, 0
0.17, 0.207329, 3.47135, 0
0.171, 0.2108, 3.49032, 0
0.172, 0.214291, 3.5093, 0
0.173, 0.2178, 3.52826, 0
0.174, 0.221328, 3.54723, 0
0.175, 0.224875, 3.56618, 0
0.176, 0.228442, 3.58513, 0
0.177, 0.232027, 3.60407, 0
0.178, 0.235631, 3.62301, 0
0.179, 0.239254, 3.64194, 0
0.18, 0.242896, 3.66086, 0
0.181, 0.246557, 3.67978, 0
0.182, 0.250236, 3.69869, 0
0.183, 0.253935, 3.71759, 0
0.184, 0.257653, 3.73649, 0
0.185, 0.261389, 3.75539, 0
0.186, 0.265145, 3.77427, 0
0.187, 0.268919, 3.79315, 0
0.188, 0.272712, 3.81203, 0
0.189, 0.276524, 3.8309, 0
0.19, 0.280355, 3.84976, 0
0.191, 0.284205, 3.86862, 0
0.192, 0.288073, 3.88747, 0
0.193, 0.291961, 3.90631, 0
0.194, 0.295867, 3.92515, 0
0.195, 0.299792, 3.94398, 0
0.196, 0.303736, 3.96281, 0
0.197, 0.307699, 3.98163, 0
0.198, 0.311681, 4.00044, 0
0.199, 0.315681, 4.01925, 0
0.2, 0.3197, 4.03806, 0
0.201, 0.323738, 4.05685, 0
0.202, 0.327795, 4.07564, 0
0.203, 0.331871, 4.09443, 0
0.204, 0.335965, 4.11321, 0
0.205, 0.340079, 4.13198, 0
0.206, 0.34421, 4.15075, 0
0.207, 0.348361, 4.16951, 0
0.208, 0.352531, 4.18826, 0
0.209, 0.356719, 4.20701, 0
0.21, 0.360926, 4.22576, 0
0.211, 0.365152, 4.24449, 0
0.212, 0.369396, 4.26323, 0
0.213, 0.373659, 4.28195, 0
0.214, 0.377941, 4.30067, 0
0.215, 0.382242, 4.31939, 0
0.216, 0.386562, 4.3381, 0
0.217, 0.3909, 4.3568, 0
0.218, 0.395256, 4.3755, 0
0.219, 0.399632, 4.39419, 0
0.22, 0.404026, 4.41287, 0
0.221, 0.408439, 4.43155, 0
0.222, 0.412871, 4.45023, 0
0.223, 0.417321, 4.46889, 0
0.224, 0.42179, 4.48756, 0
0.225, 0.426277, 4.50621, 0
0.226, 0.430783, 4.52486, 0
0.227, 0.435308, 4.54351, 0
0.228, 0.439852, 4.56215, 0
0.229, 0.444414, 4.58078, 0
0.23, 0.448995, 4.59941, 0
0.231, 0.453594, 4.61803, 0
0.232, 0.458212, 4.63665, 0
0.233, 0.462849, 4.65526, 0
0.234, 0.467504, 4.67386, 0
0.235, 0.472178, 4.69246, 0
0.236, 0.47687, 4.71105, 0
0.237, 0.481581, 4.72964, 0
0.238, 0.486311, 4.74822, 0
0.239, 0.491059, 4.7668, 0
0.24, 0.495826, 4.78537, 0
0.241, 0.500611, 4.80393, 0
0.242, 0.505415, 4.82249, 0
0.243, 0.510238, 4.84105, 0
0.244, 0.515079, 4.85959, 0
0.245, 0.519938, 4.87814, 0
0.246, 0.524817, 4.89667, 0
0.247, 0.529713, 4.9152, 0
0.248, 0.534628, 4.93373, 0
0.249, 0.539562, 4.95225, 0
0.25, 0.544514, 4.97076, 0
0.251, 0.549485, 4.98927, 0
0.252, 0.554475, 5.00777, 0
0.253, 0.559482, 5.02627, 0
0.254, 0.564509, 5.04476, 0
0.255, 0.569553, 5.06325, 0
0.256, 0.574617, 5.08173, 0
0.257, 0.579698, 5.1002, 0
0.258, 0.584798, 5.11867, 0
0.259, 0.589917, 5.13713, 0
0.26, 0.595054, 5.15559, 0
0.261, 0.60021, 5.17404, 0
0.262, 0.605384, 5.19249, 0
0.263, 0.610576, 5.21093, 0
0.264, 0.615787, 5.22936, 0
0.265, 0.621017, 5.24779, 0
0.266, 0.626264, 5.26622, 0
0.267, 0.631531, 5.28464, 0
0.268, 0.636815, 5.30305, 0
0.269, 0.642118, 5.32146, 0
0.27, 0.64744, 5.33986, 0
0.271, 0.65278, 5.35825, 0
0.272, 0.658138, 5.37664, 0
0.273, 0.663515, 5.39503, 0
0.274, 0.66891, 5.41341, 0
0.275, 0.674323, 5.43178, 0
0.276, 0.679755, 5.45015, 0
0.277, 0.685205, 5.46851, 0
0.278, 0.690673, 5.48687, 0
0.279, 0.69616, 5.50522, 0
0.28, 0.701666, 5.52357, 0
0.281, 0.707189, 5.54191, 0
0.282, 0.712731, 5.56024, 0
0.283, 0.718291, 5.57857, 0
0.284, 0.72387, 5.5969, 0
0.285, 0.729467, 5.61522, 0
0.286, 0.735082, 5.63353, 0
0.287, 0.740715, 5.65184, 0
0.288, 0.746367, 5.67014, 0
0.289, 0.752037, 5.68843, 0
0.29, 0.757726, 5.70673, 0
0.291, 0.763433, 5.72501, 0
0.292, 0.769158, 5.74329, 0
0.293, 0.774901, 5.76157, 0
0.294, 0.780662, 5.77983, 0
0.295, 0.786442, 5.7981, 0
0.296, 0.79224, 5.81636, 0
0.297, 0.798057, 5.83461, 0
0.298, 0.803891, 5.85285, 0
0.299, 0.809744, 5.8711, 0
0.3, 0.815615, 5.88933, 0
0.301, 0.821505, 5.90756, 0
0.302, 0.827412, 5.92579, 0
0.303, 0.833338, 5.94401, 0
0.304, 0.839282, 5.96222, 0
0.305, 0.845244, 5.98043, 0
0.306, 0.851225, 5.99863, 0
0.307, 0.857223, 6.01683, 0
0.308, 0.86324, 6.03502, 0
0.309, 0.869275, 6.05321, 0
0.31, 0.875328, 6.07139, 0
0.311, 0.8814, 6.08957, 0
0.312, 0.887489, 6.10774, 0
0.313, 0.893597, 6.1259, 0
0.314, 0.899723, 6.14406, 0
0.315, 0.905867, 6.16221, 0
0.316, 0.912029, 6.18036, 0
0.317, 0.91821, 6.19851, 0
0.318, 0.924408, 6.21664, 0
0.319, 0.930625, 6.23478, 0
0.32, 0.93686, 6.2529, 0
0.321, 0.943112, 6.27102, 0
0.322, 0.949383, 6.28914, 0
0.323, 0.955673, 6.30725, 0
0.324, 0.96198, 6.32535, 0
0.325, 0.968305, 6.34345, 0
0.326, 0.974649, 6.36155, 0
0.327, 0.98101, 6.37964, 0
0.328, 0.98739, 6.39772, 0
0.329, 0.993788, 6.4158, 0
0.33, 1.0002, 6.43387, 0
0.331, 1.00664, 6.45194, 0
0.332, 1.01309, 6.47, 0
0.333, 1.01956, 6.48805, 0
0.334, 1.02605, 6.5061, 0
0.335, 1.03255, 6.52415, 0
0.336, 1.03908, 6.54219, 0
0.337, 1.04562, 6.56022, 0
0.338, 1.05218, 6.57825, 0
0.339, 1.05876, 6.59628, 0
0.34, 1.06535, 6.61429, 0
0.341, 1.07197, 6.63231, 0
0.342, 1.0786, 6.65031, 0
0.343, 1.08525, 6.66832, 0
0.344, 1.09192, 6.68631, 0
0.345, 1.09861, 6.7043, 0
0.346, 1.10531, 6.72229, 0
0.347, 1.11203, 6.74027, 0
0.348, 1.11877, 6.75824, 0
0.349, 1.12553, 6.77621, 0
0.35, 1.13231, 6.79418, 0
0.351, 1.1391, 6.81214, 0
0.352, 1.14591, 6.83009, 0
0.353, 1.15274, 6.84804, 0
0.354, 1.15959, 6.86598, 0
0.355, 1.16646, 6.88392, 0
0.356, 1.17334, 6.90185, 0
0.357, 1.18024, 6.91978, 0
0.358, 1.18716, 6.9377, 0
0.359, 1.1941, 6.95561, 0
0.36, 1.20106, 6.97352, 0
0.361, 1.20803, 6.99143, 0
0.362, 1.21502, 7.00933, 0
0.363, 1.22203, 7.02722, 0
0.364, 1.22906, 7.04511, 0
0.365, 1.2361, 7.06299, 0
0.366, 1.24317, 7.08087, 0
0.367, 1.25025, 7.09874, 0
0.368, 1.25735, 7.11661, 0
0.369, 1.26446, 7.13447, 0
0.37, 1.2716, 7.15233, 0
0.371, 1.27875, 7.17018, 0
0.372, 1.28592, 7.18802, 0
0.373, 1.29311, 7.20586, 0
0.374, 1.30031, 7.2237, 0
0.375, 1.30754, 7.24153, 0
0.376, 1.31478, 7.25935, 0
0.377, 1.32204, 7.27717, 0
0.378, 1.32931, 7.29498, 0
0.379, 1.33661, 7.31279, 0
0.38, 1.34392, 7.33059, 0
0.381, 1.35125, 7.34839, 0
0.382, 1.3586, 7.36618, 0
0.383, 1.36597, 7.38397, 0
0.384, 1.37335, 7.40175, 0
0.385, 1.38075, 7.41953, 0
0.386, 1.38817, 7.4373, 0
0.387, 1.39561, 7.45506, 0
0.388, 1.40307, 7.47282, 0
0.389, 1.41054, 7.49058, 0
0.39, 1.41803, 7.50833, 0
0.391, 1.42554, 7.52607, 0
0.392, 1.43306, 7.54381, 0
0.393, 1.44061, 7.56154, 0
0.394, 1.44817, 7.57927, 0
0.395, 1.45575, 7.59699, 0
0.396, 1.46334, 7.61471, 0
0.397, 1.47096, 7.63242, 0
0.398, 1.47859, 7.65012, 0
0.399, 1.48624, 7.66783, 0
0.4, 1.49391, 7.68552, 0
0.401, 1.5016, 7.70321, 0
0.402, 1.5093, 7.7209, 0
0.403, 1.51702, 7.73858, 0
0.404, 1.52476, 7.75625, 0
0.405, 1.53251, 7.77392, 0
0.406, 1.54029, 7.79158, 0
0.407, 1.54808, 7.80924, 0
0.408, 1.55589, 7.82689, 0
0.409, 1.56372, 7.84454, 0
0.41, 1.57156, 7.86218, 0
0.411, 1.57942, 7.87982, 0
0.412, 1.5873, 7.89745, 0
0.413, 1.5952, 7.91508, 0
0.414, 1.60312, 7.9327, 0
0.415, 1.61105, 7.95031, 0
0.416, 1.619, 7.96792, 0
0.417, 1.62697, 7.98553, 0
0.418, 1.63495, 8.00313, 0
0.419, 1.64295, 8.02072, 0
0.42, 1.65098, 8.03831, 0
0.421, 1.65901, 8.05589, 0
0.422, 1.66707, 8.07347, 0
0.423, 1.67514, 8.09104, 0
0.424, 1.68323, 8.10861, 0
0.425, 1.69134, 8.12617, 0
0.426, 1.69947, 8.14373, 0
0.427, 1.70761, 8.16128, 0
0.428, 1.71577, 8.17882, 0
0.429, 1.72395, 8.19637, 0
0.43, 1.73215, 8.2139, 0
0.431, 1.74036, 8.23143, 0
0.432, 1.74859, 8.24896, 0
0.433, 1.75684, 8.26647, 0
0.434, 1.76511, 8.28399, 0
0.435, 1.77339, 8.3015, 0
0.436, 1.7817, 8.319, 0
0.437, 1.79001, 8.3365, 0
0.438, 1.79835, 8.35399, 0
0.439, 1.8067, 8.37148, 0
0.44, 1.81508, 8.38896, 0
0.441, 1.82347, 8.40644, 0
0.442, 1.83187, 8.42391, 0
0.443, 1.8403, 8.44137, 0
0.444, 1.84874, 8.45883, 0
0.445, 1.8572, 8.47629, 0
0.446, 1.86567, 8.49374, 0
0.447, 1.87417, 8.51118, 0
0.448, 1.88268, 8.52862, 0
0.449, 1.89121, 8.54606, 0
0.45, 1.89975, 8.56349, 0
0.451, 1.90832, 8.58091, 0
0.452, 1.9169, 8.59833, 0
0.453, 1.92549, 8.61574, 0
0.454, 1.93411, 8.63315, 0
0.455, 1.94274, 8.65055, 0
0.456, 1.95139, 8.66795, 0
0.457, 1.96006, 8.68534, 0
0.458, 1.96875, 8.70272, 0
0.459, 1.97745, 8.72011, 0
0.46, 1.98617, 8.73748, 0
0.461, 1.99491, 8.75485, 0
0.462, 2.00366, 8.77222, 0
0.463, 2.01243, 8.78958, 0
0.464, 2.02122, 8.80693, 0
0.465, 2.03003, 8.82428, 0
0.466, 2.03886, 8.84162, 0
0.467, 2.0477, 8.85896, 0
0.468, 2.05656, 8.87629, 0
0.469, 2.06543, 8.89362, 0
0.47, 2.07433, 8.91094, 0
0.471, 2.08324, 8.92826, 0
0.472, 2.09217, 8.94557, 0
0.473, 2.10111, 8.96288, 0
0.474, 2.11007, 8.98018, 0
0.475, 2.11905, 8.99747, 0
0.476, 2.12805, 9.01476, 0
0.477, 2.13707, 9.03205, 0
0.478, 2.1461, 9.04933, 0
0.479, 2.15515, 9.0666, 0
0.48, 2.16421, 9.08387, 0
0.481, 2.1733, 9.10114, 0
0.482, 2.1824, 9.1184, 0
0.483, 2.19152, 9.13565, 0
0.484, 2.20065, 9.1529, 0
0.485, 2.20981, 9.17014, 0
0.486, 2.21898, 9.18738, 0
0.487, 2.22816, 9.20461, 0
0.488, 2.23737, 9.22183, 0
0.489, 2.24659, 9.23906, 0
0.49, 2.25583, 9.25627, 0
0.491, 2.26509, 9.27348, 0
0.492, 2.27436, 9.29069, 0
0.493, 2.28365, 9.30789, 0
0.494, 2.29296, 9.32508, 0
0.495, 2.30228, 9.34227, 0
0.496, 2.31162, 9.35946, 0
0.497, 2.32098, 9.37663, 0
0.498, 2.33036, 9.39381, 0
0.499, 2.33975, 9.41098, 0
0.5, 2.34917, 9.42814, 0
0.501, 2.35859, 9.4453, 0
0.502, 2.36804, 9.46245, 0
0.503, 2.3775, 9.4796, 0
0.504, 2.38698, 9.49674, 0
0.505, 2.39648, 9.51387, 0
0.506, 2.40599, 9.531, 0
0.507, 2.41552, 9.54813, 0
0.508, 2.42507, 9.56525, 0
0.509, 2.43464, 9.58237, 0
0.51, 2.44422, 9.59947, 0
0.511, 2.45382, 9.61658, 0
0.512, 2.46343, 9.63368, 0
0.513, 2.47307, 9.65077, 0
0.514, 2.48272, 9.66786, 0
0.515, 2.49239, 9.68494, 0
0.516, 2.50207, 9.70202, 0
0.517, 2.51177, 9.71909, 0
0.518, 2.52149, 9.73616, 0
0.519, 2.53123, 9.75322, 0
0.52, 2.54098, 9.77028, 0
0.521, 2.55075, 9.78733, 0
0.522, 2.56054, 9.80438, 0
0.523, 2.57034, 9.82142, 0
0.524, 2.58017, 9.83845, 0
0.525, 2.59, 9.85548, 0
0.526, 2.59986, 9.87251, 0
0.527, 2.60973, 9.88953, 0
0.528, 2.61962, 9.90654, 0
0.529, 2.62953, 9.92355, 0
0.53, 2.63945, 9.94055, 0
0.531, 2.64939, 9.95755, 0
0.532, 2.65935, 9.97454, 0
0.533, 2.66932, 9.99153, 0
0.534, 2.67932, 10.0085, 0
0.535, 2.68932, 10.0255, 0
0.536, 2.69935, 10.0425, 0
0.537, 2.70939, 10.0594, 0
0.538, 2.71945, 10.0764, 0
0.539, 2.72953, 10.0933, 0
0.54, 2.73962, 10.1103, 0
0.541, 2.74973, 10.1272, 0
0.542, 2.75986, 10.1442, 0
0.543, 2.77, 10.1611, 0
0.544, 2.78016, 10.178, 0
0.545, 2.79034, 10.195, 0
0.546, 2.80054, 10.2119, 0
0.547, 2.81075, 10.2288, 0
0.548, 2.82098, 10.2457, 0
0.549, 2.83122, 10.2626, 0
0.55, 2.84149, 10.2795, 0
0.551, 2.85177, 10.2964, 0
0.552, 2.86206, 10.3133, 0
0.553, 2.87238, 10.3302, 0
0.554, 2.88271, 10.347, 0
0.555, 2.89305, 10.3639, 0
0.556, 2.90342, 10.3808, 0
0.557, 2.9138, 10.3976, 0
0.558, 2.92419, 10.4145, 0
0.559, 2.93461, 10.4313, 0
0.56, 2.94504, 10.4482, 0
0.561, 2.95549, 10.465, 0
0.562, 2.96595, 10.4819, 0
0.563, 2.97644, 10.4987, 0
0.564, 2.98693, 10.5155, 0
0.565, 2.99745, 10.5323, 0
0.566, 3.00798, 10.5491, 0
0.567, 3.01853, 10.5659, 0
0.568, 3.0291, 10.5827, 0
0.569, 3.03968, 10.5995, 0
0.57, 3.05028, 10.6163, 0
0.571, 3.0609, 10.6331, 0
0.572, 3.07153, 10.6499, 0
0.573, 3.08218, 10.6667, 0
0.574, 3.09285, 10.6834, 0
0.575, 3.10353, 10.7002, 0
0.576, 3.11423, 10.717, 0
0.577, 3.12495, 10.7337, 0
0.578, 3.13568, 10.7505, 0
0.579, 3.14643, 10.7672, 0
0.58, 3.1572, 10.7839, 0
0.581, 3.16798, 10.8007, 0
0.582, 3.17878, 10.8174, 0
0.583, 3.1896, 10.8341, 0
0.584, 3.20043, 10.8508, 0
0.585, 3.21128, 10.8676, 0
0.586, 3.22215, 10.8843, 0
0.587, 3.23304, 10.901, 0
0.588, 3.24394, 10.9177, 0
0.589, 3.25486, 10.9344, 0
0.59, 3.26579, 10.951, 0
0.591, 3.27674, 10.9677, 0
0.592, 3.28771, 10.9844, 0
0.593, 3.29869, 11.0011, 0
0.594, 3.30969, 11.0177, 0
0.595, 3.32071, 11.0344, 0
0.596, 3.33175, 11.051, 0
0.597, 3.3428, 11.0677, 0
0.598, 3.35386, 11.0843, 0
0.599, 3.36495, 11.101, 0
0.6, 3.37605, 11.1176, 0
0.601, 3.38717, 11.1342, 0
0.602, 3.3983, 11.1508, 0
0.603, 3.40945, 11.1675, 0
0.604, 3.42062, 11.1841, 0
0.605, 3.4318, 11.2007, 0
0.606, 3.443, 11.2173, 0
0.607, 3.45422, 11.2339, 0
0.608, 3.46546, 11.2504, 0
0.609, 3.47671, 11.267, 0
0.61, 3.48797, 11.2836, 0
0.611, 3.49926, 11.3002, 0
0.612, 3.51056, 11.3167, 0
0.613, 3.52187, 11.3333, 0
0.614, 3.53321, 11.3499, 0
0.615, 3.54456, 11.3664, 0
0.616, 3.55592, 11.383, 0
0.617, 3.56731, 11.3995, 0
0.618, 3.57871, 11.416, 0
0.619, 3.59012, 11.4326, 0
0.62, 3.60155, 11.4491, 0
0.621, 3.613, 11.4656, 0
0.622, 3.62447, 11.4821, 0
0.623, 3.63595, 11.4986, 0
0.624, 3.64745, 11.5151, 0
0.625, 3.65897, 11.5316, 0
0.626, 3.6705, 11.5481, 0
0.627, 3.68204, 11.5646, 0
0.628, 3.69361, 11.5811, 0
0.629, 3.70519, 11.5976, 0
0.63, 3.71679, 11.6141, 0
0.631, 3.7284, 11.6305, 0
0.632, 3.74003, 11.647, 0
0.633, 3.75168, 11.6634, 0
0.634, 3.76334, 11.6799, 0
0.635, 3.77502, 11.6963, 0
0.636, 3.78672, 11.7128, 0
0.637, 3.79843, 11.7292, 0
0.638, 3.81016, 11.7456, 0
0.639, 3.82191, 11.7621, 0
0.64, 3.83367, 11.7785, 0
0.641, 3.84545, 11.7949, 0
0.642, 3.85724, 11.8113, 0
0.643, 3.86905, 11.8277, 0
0.644, 3.88088, 11.8441, 0
0.645, 3.89273, 11.8605, 0
0.646, 3.90459, 11.8769, 0
0.647, 3.91646, 11.8933, 0
0.648, 3.92836, 11.9096, 0
0.649, 3.94027, 11.926, 0
0.65, 3.95219, 11.9424, 0
0.651, 3.96413, 11.9587, 0
0.652, 3.97609, 11.9751, 0
0.653, 3.98807, 11.9914, 0
0.654, 4.00006, 12.0078, 0
0.655, 4.01207, 12.0241, 0
0.656, 4.02409, 12.0404, 0
0.657, 4.03613, 12.0568, 0
0.658, 4.04819, 12.0731, 0
0.659, 4.06026, 12.0894, 0
0.66, 4.07235, 12.1057, 0
0.661, 4.08446, 12.122, 0
0.662, 4.09658, 12.1383, 0
0.663, 4.10872, 12.1546, 0
0.664, 4.12087, 12.1709, 0
0.665, 4.13304, 12.1872, 0
0.666, 4.14523, 12.2035, 0
0.667, 4.15743, 12.2198, 0
0.668, 4.16965, 12.236, 0
0.669, 4.18189, 12.2523, 0
0.67, 4.19414, 12.2686, 0
0.671, 4.20641, 12.2848, 0
0.672, 4.21869, 12.3011, 0
0.673, 4.231, 12.3173, 0
0.674, 4.24331, 12.3335, 0
0.675, 4.25565, 12.3498, 0
0.676, 4.268, 12.366, 0
0.677, 4.28036, 12.3822, 0
0.678, 4.29274, 12.3984, 0
0.679, 4.30514, 12.4146, 0
0.68, 4.31756, 12.4308, 0
0.681, 4.32999, 12.447, 0
0.682, 4.34244, 12.4632, 0
0.683, 4.3549, 12.4794, 0
0.684, 4.36738, 12.4956, 0
0.685, 4.37987, 12.5118, 0
0.686, 4.39239, 12.528, 0
0.687, 4.40491, 12.5441, 0
0.688, 4.41746, 12.5603, 0
0.689, 4.43002, 12.5764, 0
0.69, 4.44259, 12.5926, 0
0.691, 4.45519, 12.6087, 0
0.692, 4.4678, 12.6249, 0
0.693, 4.48042, 12.641, 0
0.694, 4.49306, 12.6572, 0
0.695, 4.50572, 12.6733, 0
0.696, 4.51839, 12.6894, 0
0.697, 4.53108, 12.7055, 0
0.698, 4.54379, 12.7216, 0
0.699, 4.55651, 12.7377, 0
0.7, 4.56925, 12.7538, 0
0.701, 4.582, 12.7699, 0
0.702, 4.59477, 12.786, 0
0.703, 4.60756, 12.8021, 0
0.704, 4.62036, 12.8182, 0
0.705, 4.63318, 12.8342, 0
0.706, 4.64601, 12.8503, 0
0.707, 4.65886, 12.8664, 0
0.708, 4.67173, 12.8824, 0
0.709, 4.68461, 12.8985, 0
0.71, 4.69751, 12.9145, 0
0.711, 4.71042, 12.9305, 0
0.712, 4.72335, 12.9466, 0
0.713, 4.7363, 12.9626, 0
0.714, 4.74926, 12.9786, 0
0.715, 4.76224, 12.9947, 0
0.716, 4.77524, 13.0107, 0
0.717, 4.78825, 13.0267, 0
0.718, 4.80127, 13.0427, 0
0.719, 4.81432, 13.0587, 0
0.72, 4.82737, 13.0747, 0
0.721, 4.84045, 13.0906, 0
0.722, 4.85354, 13.1066, 0
0.723, 4.86665, 13.1226, 0
0.724, 4.87977, 13.1386, 0
0.725, 4.89291, 13.1545, 0
0.726, 4.90606, 13.1705, 0
0.727, 4.91923, 13.1864, 0
0.728, 4.93242, 13.2024, 0
0.729, 4.94562, 13.2183, 0
0.73, 4.95884, 13.2343, 0
0.731, 4.97207, 13.2502, 0
0.732, 4.98532, 13.2661, 0
0.733, 4.99859, 13.2821, 0
0.734, 5.01187, 13.298, 0
0.735, 5.02517, 13.3139, 0
0.736, 5.03848, 13.3298, 0
0.737, 5.05181, 13.3457, 0
0.738, 5.06516, 13.3616, 0
0.739, 5.07852, 13.3775, 0
0.74, 5.0919, 13.3934, 0
0.741, 5.10529, 13.4092, 0
0.742, 5.1187, 13.4251, 0
0.743, 5.13213, 13.441, 0
0.744, 5.14557, 13.4568, 0
0.745, 5.15902, 13.4727, 0
0.746, 5.1725, 13.4885, 0
0.747, 5.18599, 13.5044, 0
0.748, 5.19949, 13.5202, 0
0.749, 5.21301, 13.5361, 0
0.75, 5.22655, 13.5519, 0
0.751, 5.2401, 13.5677, 0
0.752, 5.25367, 13.5835, 0
0.753, 5.26725, 13.5994, 0
0.754, 5.28085, 13.6152, 0
0.755, 5.29446, 13.631, 0
0.756, 5.3081, 13.6468, 0
0.757, 5.32174, 13.6626, 0
0.758, 5.3354, 13.6784, 0
0.759, 5.34908, 13.6941, 0
0.76, 5.36278, 13.7099, 0
0.761, 5.37649, 13.7257, 0
0.762, 5.39021, 13.7414, 0
0.763, 5.40395, 13.7572, 0
0.764, 5.41771, 13.773, 0
0.765, 5.43148, 13.7887, 0
0.766, 5.44527, 13.8045, 0
0.767, 5.45908, 13.8202, 0
0.768, 5.4729, 13.8359, 0
0.769, 5.48673, 13.8517, 0
0.77, 5.50059, 13.8674, 0
0.771, 5.51445, 13.8831, 0
0.772, 5.52834, 13.8988, 0
0.773, 5.54223, 13.9145, 0
0.774, 5.55615, 13.9302, 0
0.775, 5.57008, 13.9459, 0
0.776, 5.58403, 13.9616, 0
0.777, 5.59799, 13.9773, 0
0.778, 5.61196, 13.993, 0
0.779, 5.62596, 14.0086, 0
0.78, 5.63997, 14.0243, 0
0.781, 5.65399, 14.04, 0
0.782, 5.66803, 14.0556, 0
0.783, 5.68209, 14.0713, 0
0.784, 5.69616, 14.0869, 0
0.785, 5.71024, 14.1026, 0
0.786, 5.72435, 14.1182, 0
0.787, 5.73846, 14.1338, 0
0.788, 5.7526, 14.1495, 0
0.789, 5.76675, 14.1651, 0
0.79, 5.78091, 14.1807, 0
0.791, 5.79509, 14.1963, 0
0.792, 5.80929, 14.2119, 0
0.793, 5.8235, 14.2275, 0
0.794, 5.83773, 14.2431, 0
0.795, 5.85197, 14.2587, 0
0.796, 5.86623, 14.2743, 0
0.797, 5.88051, 14.2899, 0
0.798, 5.8948, 14.3054, 0
0.799, 5.9091, 14.321, 0
0.8, 5.92342, 14.3366, 0
0.801, 5.93776, 14.3521, 0
0.802, 5.95211, 14.3677, 0
0.803, 5.96648, 14.3832, 0
0.804, 5.98086, 14.3988, 0
0.805, 5.99526, 14.4143, 0
0.806, 6.00967, 14.4298, 0
0.807, 6.0241, 14.4453, 0
0.808, 6.03855, 14.4609, 0
0.809, 6.05301, 14.4764, 0
0.81, 6.06749, 14.4919, 0
0.811, 6.08198, 14.5074, 0
0.812, 6.09649, 14.5229, 0
0.813, 6.11101, 14.5384, 0
0.814, 6.12555, 14.5539, 0
0.815, 6.1401, 14.5693, 0
0.816, 6.15467, 14.5848, 0
0.817, 6.16926, 14.6003, 0
0.818, 6.18386, 14.6157, 0
0.819, 6.19847, 14.6312, 0
0.82, 6.2131, 14.6467, 0
0.821, 6.22775, 14.6621, 0
0.822, 6.24241, 14.6775, 0
0.823, 6.25709, 14.693, 0
0.824, 6.27178, 14.7084, 0
0.825, 6.28649, 14.7238, 0
0.826, 6.30121, 14.7393, 0
0.827, 6.31595, 14.7547, 0
0.828, 6.33071, 14.7701, 0
0.829, 6.34548, 14.7855, 0
0.83, 6.36026, 14.8009, 0
0.831, 6.37506, 14.8163, 0
0.832, 6.38988, 14.8317, 0
0.833, 6.40471, 14.8471, 0
0.834, 6.41956, 14.8624, 0
0.835, 6.43442, 14.8778, 0
0.836, 6.4493, 14.8932, 0
0.837, 6.46419, 14.9085, 0
0.838, 6.4791, 14.9239, 0
0.839, 6.49403, 14.9392, 0
0.84, 6.50896, 14.9546, 0
0.841, 6.52392, 14.9699, 0
0.842, 6.53889, 14.9853, 0
0.843, 6.55387, 15.0006, 0
0.844, 6.56888, 15.0159, 0
0.845, 6.58389, 15.0312, 0
0.846, 6.59892, 15.0466, 0
0.847, 6.61397, 15.0619, 0
0.848, 6.62903, 15.0772, 0
0.849, 6.64411, 15.0925, 0
0.85, 6.6592, 15.1077, 0
0.851, 6.67431, 15.123, 0
0.852, 6.68943, 15.1383, 0
0.853, 6.70457, 15.1536, 0
0.854, 6.71972, 15.1689, 0
0.855, 6.73489, 15.1841, 0
0.856, 6.75008, 15.1994, 0
0.857, 6.76528, 15.2146, 0
0.858, 6.78049, 15.2299, 0
0.859, 6.79572, 15.2451, 0
0.86, 6.81096, 15.2604, 0
0.861, 6.82623, 15.2756, 0
0.862, 6.8415, 15.2908, 0
0.863, 6.85679, 15.306, 0
0.864, 6.8721, 15.3213, 0
0.865, 6.88742, 15.3365, 0
0.866, 6.90276, 15.3517, 0
0.867, 6.91811, 15.3669, 0
0.868, 6.93347, 15.3821, 0
0.869, 6.94886, 15.3973, 0
0.87, 6.96425, 15.4124, 0
0.871, 6.97967, 15.4276, 0
0.872, 6.99509, 15.4428, 0
0.873, 7.01054, 15.458, 0
0.874, 7.02599, 15.4731, 0
0.875, 7.04147, 15.4883, 0
0.876, 7.05696, 15.5034, 0
0.877, 7.07246, 15.5186, 0
0.878, 7.08798, 15.5337, 0
0.879, 7.10351, 15.5488, 0
0.88, 7.11906, 15.564, 0
0.881, 7.13462, 15.5791, 0
0.882, 7.1502, 15.5942, 0
0.883, 7.1658, 15.6093, 0
0.884, 7.18141, 15.6244, 0
0.885, 7.19703, 15.6395, 0
0.886, 7.21267, 15.6546, 0
0.887, 7.22833, 15.6697, 0
0.888, 7.24399, 15.6848, 0
0.889, 7.25968, 15.6999, 0
0.89, 7.27538, 15.715, 0
0.891, 7.29109, 15.73, 0
0.892, 7.30682, 15.7451, 0
0.893, 7.32257, 15.7601, 0
0.894, 7.33833, 15.7752, 0
0.895, 7.35411, 15.7902, 0
0.896, 7.3699, 15.8053, 0
0.897, 7.3857, 15.8203, 0
0.898, 7.40152, 15.8354, 0
0.899, 7.41736, 15.8504, 0
0.9, 7.43321, 15.8654, 0
0.901, 7.44907, 15.8804, 0
0.902, 7.46495, 15.8954, 0
0.903, 7.48085, 15.9104, 0
0.904, 7.49676, 15.9254, 0
0.905, 7.51268, 15.9404, 0
0.906, 7.52862, 15.9554, 0
0.907, 7.54458, 15.9704, 0
0.908, 7.56055, 15.9854, 0
0.909, 7.57654, 16.0003, 0
0.91, 7.59254, 16.0153, 0
0.911, 7.60855, 16.0303, 0
0.912, 7.62458, 16.0452, 0
0.913, 7.64063, 16.0602, 0
0.914, 7.65669, 16.0751, 0
0.915, 7.67276, 16.09, 0
0.916, 7.68885, 16.105, 0
0.917, 7.70496, 16.1199, 0
0.918, 7.72108, 16.1348, 0
0.919, 7.73721, 16.1497, 0
0.92, 7.75336, 16.1646, 0
0.921, 7.76953, 16.1796, 0
0.922, 7.78571, 16.1945, 0
0.923, 7.8019, 16.2093, 0
0.924, 7.81811, 16.2242, 0
0.925, 7.83433, 16.2391, 0
0.926, 7.85057, 16.254, 0
0.927, 7.86683, 16.2689, 0
0.928, 7.8831, 16.2837, 0
0.929, 7.89938, 16.2986, 0
0.93, 7.91568, 16.3135, 0
0.931, 7.93199, 16.3283, 0
0.932, 7.94832, 16.3432, 0
0.933, 7.96466, 16.358, 0
0.934, 7.98102, 16.3728, 0
0.935, 7.99739, 16.3877, 0
0.936, 8.01378, 16.4025, 0
0.937, 8.03018, 16.4173, 0
0.938, 8.0466, 16.4321, 0
0.939, 8.06303, 16.4469, 0
0.94, 8.07948, 16.4617, 0
0.941, 8.09594, 16.4765, 0
0.942, 8.11242, 16.4913, 0
0.943, 8.12891, 16.5061, 0
0.944, 8.14542, 16.5209, 0
0.945, 8.16194, 16.5356, 0
0.946, 8.17847, 16.5504, 0
0.947, 8.19502, 16.5652, 0
0.948, 8.21159, 16.5799, 0
0.949, 8.22817, 16.5947, 0
0.95, 8.24476, 16.6094, 0
0.951, 8.26137, 16.6242, 0
0.952, 8.278, 16.6389, 0
0.953, 8.29463, 16.6536, 0
0.954, 8.31129, 16.6684, 0
0.955, 8.32796, 16.6831, 0
0.956, 8.34464, 16.6978, 0
0.957, 8.36134, 16.7125, 0
0.958, 8.37805, 16.7272, 0
0.959, 8.39478, 16.7419, 0
0.96, 8.41152, 16.7566, 0
0.961, 8.42828, 16.7713, 0
0.962, 8.44505, 16.786, 0
0.963, 8.46183, 16.8006, 0
0.964, 8.47863, 16.8153, 0
0.965, 8.49545, 16.83, 0
0.966, 8.51228, 16.8446, 0
0.967, 8.52912, 16.8593, 0
0.968, 8.54598, 16.8739, 0
0.969, 8.56286, 16.8886, 0
0.97, 8.57975, 16.9032, 0
0.971, 8.59665, 16.9179, 0
0.972, 8.61357, 16.9325, 0
0.973, 8.6305, 16.9471, 0
0.974, 8.64745, 16.9617, 0
0.975, 8.66441, 16.9763, 0
0.976, 8.68138, 16.9909, 0
0.977, 8.69838, 17.0055, 0
0.978, 8.71538, 17.0201, 0
0.979, 8.7324, 17.0347, 0
0.98, 8.74944, 17.0493, 0
0.981, 8.76648, 17.0639, 0
0.982, 8.78355, 17.0784, 0
0.983, 8.80063, 17.093, 0
0.984, 8.81772, 17.1076, 0
0.985, 8.83483, 17.1221, 0
0.986, 8.85195, 17.1367, 0
0.987, 8.86909, 17.1512, 0
0.988, 8.88624, 17.1658, 0
0.989, 8.9034, 17.1803, 0
0.99, 8.92058, 17.1948, 0
0.991, 8.93778, 17.2093, 0
0.992, 8.95499, 17.2239, 0
0.993, 8.97221, 17.2384, 0
0.994, 8.98945, 17.2529, 0
0.995, 9.0067, 17.2674, 0
0.996, 9.02397, 17.2819, 0
0.997, 9.04125, 17.2964, 0
0.998, 9.05855, 17.3108, 0
0.999, 9.07586, 17.3253, 0
