ThreeVessels.txt - Vessel Number 1
m = 1 A = 0.1 K = 20 y0 = -0.1 v0 = 0 h0 = 0
t yn vn hn
0, -0.1, 0, 0
0.01, 0.0530469, 0.316547, -5.11802e-05
0.02, 0.19303, 0.482407, 0.000190006
0.03, 0.3228, 0.632979, 0.000701609
0.04, 0.447441, 0.775274, 0.00146723
0.05, 0.569104, 0.912152, 0.00247802
0.06, 0.688917, 1.0451, 0.0037285
0.07, 0.80755, 1.17499, 0.00521508
0.08, 0.925434, 1.30241, 0.00693529
0.09, 1.04286, 1.42774, 0.00888743
0.1, 1.16005, 1.55126, 0.0110703
0.11, 1.27715, 1.67319, 0.0134831
0.12, 1.39427, 1.79368, 0.0161253
0.13, 1.51152, 1.91287, 0.0189965
0.14, 1.62895, 2.03085, 0.0220965
0.15, 1.74662, 2.14771, 0.0254255
0.16, 1.86459, 2.26351, 0.0289833
0.17, 1.98288, 2.37831, 0.0327702
0.18, 2.10153, 2.49216, 0.0367864
0.19, 2.22056, 2.60511, 0.0410321
0.2, 2.33999, 2.71718, 0.0455077
0.21, 2.45983, 2.8284, 0.0502136
0.22, 2.5801, 2.9388, 0.05515
0.23, 2.70082, 3.04841, 0.0603174
0.24, 2.82198, 3.15725, 0.0657163
0.25, 2.9436, 3.26533, 0.0713471
0.26, 3.06568, 3.37266, 0.0772101
0.27, 3.18823, 3.47927, 0.083306
0.28, 3.31125, 3.58516, 0.0896351
0.29, 3.43474, 3.69035, 0.096198
0.3, 3.55871, 3.79485, 0.102995
0.31, 3.68315, 3.89866, 0.110027
0.32, 3.80806, 4.0018, 0.117294
0.33, 3.93345, 4.10427, 0.124796
0.34, 4.05931, 4.20607, 0.132535
0.35, 4.18564, 4.30722, 0.14051
0.36, 4.31244, 4.40772, 0.148722
0.37, 4.43971, 4.50758, 0.157172
0.38, 4.56744, 4.6068, 0.16586
0.39, 4.69563, 4.70538, 0.174786
0.4, 4.82429, 4.80332, 0.183951
0.41, 4.9534, 4.90064, 0.193356
0.42, 5.08296, 4.99734, 0.203
0.43, 5.21296, 5.09341, 0.212884
0.44, 5.34341, 5.18886, 0.223009
0.45, 5.47431, 5.2837, 0.233374
0.46, 5.60563, 5.37792, 0.243981
0.47, 5.73739, 5.47152, 0.25483
0.48, 5.86957, 5.56452, 0.265921
0.49, 6.00218, 5.6569, 0.277254
0.5, 6.1352, 5.74868, 0.28883
0.51, 6.26863, 5.83985, 0.30065
0.52, 6.40247, 5.93042, 0.312713
0.53, 6.53671, 6.02038, 0.325019
0.54, 6.67135, 6.10973, 0.33757
0.55, 6.80638, 6.19848, 0.350365
0.56, 6.94179, 6.28664, 0.363405
0.57, 7.07758, 6.37418, 0.37669
0.58, 7.21375, 6.46113, 0.39022
0.59, 7.35028, 6.54748, 0.403995
0.6, 7.48718, 6.63322, 0.418017
0.61, 7.62443, 6.71837, 0.432284
0.62, 7.76204, 6.80291, 0.446797
0.63, 7.89999, 6.88686, 0.461557
0.64, 8.03827, 6.9702, 0.476564
0.65, 8.1769, 7.05294, 0.491817
0.66, 8.31584, 7.13509, 0.507317
0.67, 8.45511, 7.21663, 0.523064
0.68, 8.59469, 7.29757, 0.539058
0.69, 8.73458, 7.37791, 0.5553
0.7, 8.87477, 7.45765, 0.571789
0.71, 9.01526, 7.53678, 0.588526
0.72, 9.15604, 7.61531, 0.60551
0.73, 9.29709, 7.69324, 0.622742
0.74, 9.43843, 7.77057, 0.640222
0.75, 9.58003, 7.84729, 0.65795
0.76, 9.72189, 7.9234, 0.675925
0.77, 9.86401, 7.99891, 0.694148
0.78, 10.0064, 8.07381, 0.71262
0.79, 10.149, 8.14811, 0.731339
0.8, 10.2918, 8.22179, 0.750306
0.81, 10.4349, 8.29487, 0.769521
0.82, 10.5782, 8.36733, 0.788983
0.83, 10.7217, 8.43919, 0.808694
0.84, 10.8654, 8.51043, 0.828652
0.85, 11.0094, 8.58105, 0.848858
0.86, 11.1535, 8.65107, 0.869311
0.87, 11.2978, 8.72046, 0.890011
0.88, 11.4423, 8.78924, 0.910959
0.89, 11.5869, 8.8574, 0.932154
0.9, 11.7317, 8.92494, 0.953596
0.91, 11.8767, 8.99186, 0.975284
0.92, 12.0218, 9.05815, 0.997219
0.93, 12.1671, 9.12383, 1.0194
0.94, 12.3125, 9.18887, 1.04183
0.95, 12.458, 9.25329, 1.0645
0.96, 12.6037, 9.31708, 1.08742
0.97, 12.7494, 9.38024, 1.11059
0.98, 12.8953, 9.44277, 1.134
0.99, 13.0413, 9.50467, 1.15765
1, 13.1873, 9.56593, 1.18155
1.01, 13.3334, 9.62656, 1.20569
1.02, 13.4797, 9.68654, 1.23008
1.03, 13.6259, 9.74589, 1.25471
1.04, 13.7723, 9.80459, 1.27959
1.05, 13.9186, 9.86265, 1.3047
1.06, 14.0651, 9.92006, 1.33006
1.07, 14.2115, 9.97683, 1.35566
1.08, 14.358, 10.0329, 1.38151
1.09, 14.5045, 10.0884, 1.40759
1.1, 14.651, 10.1432, 1.43392
1.11, 14.7975, 10.1974, 1.46048
1.12, 14.9441, 10.2509, 1.48729
1.13, 15.0905, 10.3037, 1.51433
1.14, 15.237, 10.3559, 1.54161
1.15, 15.3834, 10.4074, 1.56914
1.16, 15.5298, 10.4582, 1.59689
1.17, 15.6762, 10.5084, 1.62489
1.18, 15.8225, 10.5579, 1.65312
1.19, 15.9687, 10.6067, 1.68159
1.2, 16.1148, 10.6549, 1.71029
1.21, 16.2609, 10.7023, 1.73923
1.22, 16.4068, 10.7491, 1.76841
1.23, 16.5527, 10.7952, 1.79781
1.24, 16.6984, 10.8406, 1.82745
1.25, 16.8441, 10.8854, 1.85732
1.26, 16.9895, 10.9294, 1.88742
1.27, 17.1349, 10.9727, 1.91775
1.28, 17.2801, 11.0154, 1.94832
1.29, 17.4251, 11.0573, 1.97911
1.3, 17.57, 11.0985, 2.01013
1.31, 17.7147, 11.139, 2.04137
1.32, 17.8592, 11.1788, 2.07285
1.33, 18.0035, 11.2179, 2.10454
1.34, 18.1476, 11.2563, 2.13647
1.35, 18.2915, 11.294, 2.16862
1.36, 18.4352, 11.3309, 2.20099
1.37, 18.5786, 11.3671, 2.23358
1.38, 18.7218, 11.4026, 2.2664
1.39, 18.8647, 11.4373, 2.29943
1.4, 19.0073, 11.4713, 2.33268
1.41, 19.1497, 11.5045, 2.36616
1.42, 19.2918, 11.537, 2.39985
1.43, 19.4335, 11.5688, 2.43375
1.44, 19.575, 11.5998, 2.46788
1.45, 19.7161, 11.63, 2.50221
1.46, 19.857, 11.6595, 2.53676
1.47, 19.9974, 11.6882, 2.57152
1.48, 20.1375, 11.7162, 2.6065
1.49, 20.2773, 11.7433, 2.64168
1.5, 20.4166, 11.7697, 2.67707
1.51, 20.5556, 11.7953, 2.71267
1.52, 20.6942, 11.8201, 2.74847
1.53, 20.8323, 11.8442, 2.78448
1.54, 20.97, 11.8674, 2.82069
1.55, 21.1073, 11.8898, 2.85711
1.56, 21.2442, 11.9114, 2.89373
1.57, 21.3805, 11.9322, 2.93054
1.58, 21.5164, 11.9522, 2.96756
1.59, 21.6518, 11.9713, 3.00477
1.6, 21.7868, 11.9896, 3.04218
1.61, 21.9211, 12.0071, 3.07978
1.62, 22.055, 12.0237, 3.11758
1.63, 22.1883, 12.0395, 3.15557
1.64, 22.3211, 12.0545, 3.19375
1.65, 22.4533, 12.0685, 3.23211
1.66, 22.5849, 12.0817, 3.27067
1.67, 22.716, 12.0941, 3.3094
1.68, 22.8464, 12.1055, 3.34833
1.69, 22.9762, 12.1161, 3.38743
1.7, 23.1053, 12.1258, 3.42672
1.71, 23.2338, 12.1345, 3.46618
1.72, 23.3616, 12.1424, 3.50583
1.73, 23.4888, 12.1493, 3.54564
1.74, 23.6152, 12.1554, 3.58564
1.75, 23.7409, 12.1605, 3.6258
1.76, 23.8659, 12.1646, 3.66613
1.77, 23.9901, 12.1678, 3.70664
1.78, 24.1136, 12.1701, 3.74731
1.79, 24.2363, 12.1714, 3.78814
1.8, 24.3582, 12.1717, 3.82914
1.81, 24.4793, 12.171, 3.8703
1.82, 24.5995, 12.1693, 3.91161
1.83, 24.7189, 12.1667, 3.95309
1.84, 24.8374, 12.163, 3.99472
1.85, 24.955, 12.1583, 4.0365
1.86, 25.0717, 12.1525, 4.07843
1.87, 25.1875, 12.1458, 4.12051
1.88, 25.3024, 12.1379, 4.16274
1.89, 25.4162, 12.129, 4.20511
1.9, 25.5291, 12.119, 4.24763
1.91, 25.641, 12.108, 4.29028
1.92, 25.7518, 12.0958, 4.33307
1.93, 25.8616, 12.0825, 4.376
1.94, 25.9703, 12.0681, 4.41906
1.95, 26.078, 12.0525, 4.46225
1.96, 26.1845, 12.0358, 4.50557
1.97, 26.2898, 12.0179, 4.54901
1.98, 26.394, 11.9988, 4.59258
1.99, 26.497, 11.9786, 4.63626
2, 26.5987, 11.9571, 4.68006
2.01, 26.6993, 11.9343, 4.72398
2.02, 26.7985, 11.9103, 4.76801
2.03, 26.8965, 11.8851, 4.81215
2.04, 26.9931, 11.8585, 4.8564
2.05, 27.0883, 11.8307, 4.90075
2.06, 27.1822, 11.8015, 4.9452
2.07, 27.2747, 11.771, 4.98974
2.08, 27.3657, 11.7391, 5.03438
2.09, 27.4552, 11.7058, 5.07912
2.1, 27.5432, 11.6711, 5.12394
2.11, 27.6297, 11.635, 5.16884
2.12, 27.7146, 11.5974, 5.21383
2.13, 27.7978, 11.5583, 5.2589
2.14, 27.8795, 11.5177, 5.30404
2.15, 27.9594, 11.4755, 5.34925
2.16, 28.0376, 11.4318, 5.39453
2.17, 28.114, 11.3865, 5.43988
2.18, 28.1886, 11.3395, 5.48528
2.19, 28.2613, 11.2909, 5.53075
2.2, 28.3321, 11.2405, 5.57626
2.21, 28.401, 11.1885, 5.62182
2.22, 28.4678, 11.1346, 5.66743
2.23, 28.5326, 11.079, 5.71308
2.24, 28.5953, 11.0214, 5.75877
2.25, 28.6558, 10.962, 5.80449
2.26, 28.7142, 10.9007, 5.85023
2.27, 28.7702, 10.8373, 5.896
2.28, 28.8239, 10.7719, 5.94179
2.29, 28.8751, 10.7044, 5.98759
2.3, 28.9239, 10.6347, 6.0334
2.31, 28.9702, 10.5628, 6.07921
2.32, 29.0138, 10.4886, 6.12502
2.33, 29.0547, 10.4121, 6.17083
2.34, 29.0928, 10.3332, 6.21662
2.35, 29.1281, 10.2518, 6.2624
2.36, 29.1604, 10.1678, 6.30815
2.37, 29.1896, 10.0811, 6.35387
2.38, 29.2157, 9.99166, 6.39956
2.39, 29.2384, 9.89939, 6.44521
2.4, 29.2578, 9.80416, 6.4908
2.41, 29.2736, 9.70585, 6.53634
2.42, 29.2858, 9.60436, 6.58182
2.43, 29.2942, 9.49954, 6.62723
2.44, 29.2987, 9.39126, 6.67256
2.45, 29.299, 9.27936, 6.71781
2.46, 29.2951, 9.16367, 6.76296
2.47, 29.2867, 9.04402, 6.80801
2.48, 29.2735, 8.9202, 6.85295
2.49, 29.2555, 8.792, 6.89777
2.5, 29.2323, 8.65918, 6.94246
2.51, 29.2037, 8.52147, 6.98701
2.52, 29.1694, 8.37858, 7.03141
2.53, 29.129, 8.23018, 7.07565
2.54, 29.0823, 8.0759, 7.11971
2.55, 29.0287, 7.91534, 7.16358
2.56, 28.9678, 7.74803, 7.20726
2.57, 28.8991, 7.57343, 7.25072
2.58, 28.8221, 7.39094, 7.29394
2.59, 28.736, 7.19985, 7.33692
2.6, 28.64, 6.99934, 7.37964
2.61, 28.5333, 6.78843, 7.42206
2.62, 28.4148, 6.56596, 7.46418
2.63, 28.2831, 6.33053, 7.50597
2.64, 28.1366, 6.08042, 7.5474
2.65, 27.9734, 5.81347, 7.58844
2.66, 27.791, 5.5269, 7.62906
2.67, 27.586, 5.21709, 7.66921
2.68, 27.3539, 4.87908, 7.70885
2.69, 27.0883, 4.50581, 7.74792
2.7, 26.7798, 4.08662, 7.78635
2.71, 26.4124, 3.60398, 7.82404
2.72, 25.9565, 3.02503, 7.86085
2.73, 25.3407, 2.27155, 7.89656
2.74, 24.2183, 0.977206, 7.93065
2.75, 30.4217, 6.80158, 7.96983
2.76, 30.28, 6.55145, 8.01461
2.77, 30.1226, 6.28566, 8.059
2.78, 29.9474, 6.00187, 8.10298
2.79, 29.7515, 5.69705, 8.1465
2.8, 29.5313, 5.36719, 8.18953
2.81, 29.2818, 5.00679, 8.232
2.82, 28.9959, 4.60793, 8.27386
2.83, 28.6627, 4.15847, 8.31503
2.84, 28.2637, 3.638, 8.3554
2.85, 27.7632, 3.00686, 8.39481
2.86, 27.0677, 2.16325, 8.43301
2.87, 25.4381, 0.340601, 8.46929
2.88, 25.0232, -1.23387, 8.50261
2.89, 32.1329, 6.2559, 8.54242
2.9, 31.9271, 5.9362, 8.58943
2.91, 31.6959, 5.59045, 8.6359
2.92, 31.4343, 5.21291, 8.6818
2.93, 31.1347, 4.79532, 8.72706
2.94, 30.7858, 4.325, 8.77158
2.95, 30.3683, 3.78063, 8.81527
2.96, 29.8447, 3.12065, 8.85795
2.97, 29.1166, 2.23793, 8.89935
2.98, 27.3693, 0.288683, 8.93874
2.99, 26.6154, -1.9369, 8.97468
3, 28.6122, 0.33834, 9.01214
3.01, 28.0474, -1.54304, 9.05057
3.02, 29.1326, -0.109903, 9.0895
3.03, 38.5798, 14.1491, 9.13901
3.04, 38.6607, 14.0765, 9.19795
3.05, 38.7392, 14.002, 9.25692
3.06, 38.8153, 13.9255, 9.31594
3.07, 38.8889, 13.8469, 9.37498
3.08, 38.9599, 13.7662, 9.43406
3.09, 39.0284, 13.6834, 9.49315
3.1, 39.0942, 13.5984, 9.55226
3.11, 39.1572, 13.5111, 9.61139
3.12, 39.2174, 13.4215, 9.67051
3.13, 39.2748, 13.3295, 9.72964
3.14, 39.3292, 13.2351, 9.78876
3.15, 39.3806, 13.1382, 9.84787
3.16, 39.4288, 13.0387, 9.90696
3.17, 39.4738, 12.9365, 9.96603
3.18, 39.5155, 12.8316, 10.0251
3.19, 39.5539, 12.7239, 10.0841
3.2, 39.5887, 12.6133, 10.143
3.21, 39.6199, 12.4997, 10.2019
3.22, 39.6473, 12.383, 10.2608
3.23, 39.6709, 12.2631, 10.3195
3.24, 39.6906, 12.1398, 10.3782
3.25, 39.7061, 12.0131, 10.4369
3.26, 39.7173, 11.8828, 10.4954
3.27, 39.7241, 11.7488, 10.5538
3.28, 39.7263, 11.6109, 10.6122
3.29, 39.7238, 11.4689, 10.6704
3.3, 39.7163, 11.3227, 10.7285
3.31, 39.7036, 11.1721, 10.7864
3.32, 39.6855, 11.0168, 10.8442
3.33, 39.6617, 10.8566, 10.9019
3.34, 39.6321, 10.6913, 10.9593
3.35, 39.5962, 10.5206, 11.0166
3.36, 39.5538, 10.3441, 11.0738
3.37, 39.5046, 10.1615, 11.1307
3.38, 39.4481, 9.97244, 11.1874
3.39, 39.3839, 9.77646, 11.2438
3.4, 39.3115, 9.57308, 11.3
3.41, 39.2304, 9.36173, 11.356
3.42, 39.14, 9.14179, 11.4116
3.43, 39.0395, 8.91253, 11.467
3.44, 38.9282, 8.6731, 11.522
3.45, 38.8051, 8.42254, 11.5767
3.46, 38.6692, 8.15966, 11.631
3.47, 38.5191, 7.8831, 11.685
3.48, 38.3533, 7.59117, 11.7385
3.49, 38.1698, 7.28182, 11.7916
3.5, 37.9663, 6.95244, 11.8441
3.51, 37.7398, 6.59972, 11.8962
3.52, 37.4863, 6.2193, 11.9477
3.53, 37.2003, 5.80519, 11.9985
3.54, 36.8742, 5.34886, 12.0486
3.55, 36.4963, 4.83736, 12.0979
3.56, 36.0472, 4.24923, 12.1464
3.57, 35.4903, 3.54379, 12.1937
3.58, 34.7349, 2.62193, 12.2397
3.59, 33.2857, 0.962846, 12.2837
3.6, 32.5236, -0.337281, 12.3273
3.61, 34.188, 2.99286, 12.3694
3.62, 33.1933, 1.81429, 12.4123
3.63, 29.2386, -2.42427, 12.4498
3.64, 33.0317, 1.62445, 12.4847
3.65, 33.8283, 2.10614, 12.5266
3.66, 32.8755, 0.902794, 12.5675
3.67, -32.6179, -65.1575, 12.6093
3.68, -33.1472, -65.0108, 12.5184
3.69, -33.6759, -64.8649, 12.4267
3.7, -34.2038, -64.72, 12.334
3.71, -34.7311, -64.576, 12.2405
3.72, -35.2577, -64.4329, 12.1461
3.73, -35.7836, -64.2907, 12.0509
3.74, -36.3089, -64.1495, 11.9548
3.75, -36.8335, -64.0091, 11.8578
3.76, -37.3575, -63.8697, 11.76
3.77, -37.8809, -63.7313, 11.6613
3.78, -38.4037, -63.5937, 11.5618
3.79, -38.9259, -63.4571, 11.4615
3.8, -39.4475, -63.3215, 11.3603
3.81, -39.9685, -63.1867, 11.2582
3.82, -40.4889, -63.053, 11.1554
3.83, -41.0089, -62.9201, 11.0517
3.84, -41.5282, -62.7882, 10.9471
3.85, -42.0471, -62.6573, 10.8418
3.86, -42.5654, -62.5273, 10.7356
3.87, -43.0832, -62.3983, 10.6285
3.88, -43.6006, -62.2702, 10.5207
3.89, -44.1174, -62.1431, 10.4121
3.9, -44.6338, -62.0169, 10.3026
3.91, -45.1497, -61.8917, 10.1923
3.92, -45.6652, -61.7674, 10.0812
3.93, -46.1802, -61.6442, 9.96933
3.94, -46.6948, -61.5219, 9.85663
3.95, -47.209, -61.4005, 9.74312
3.96, -47.7228, -61.2801, 9.62882
3.97, -48.2361, -61.1608, 9.51372
3.98, -48.7492, -61.0423, 9.39782
3.99, -49.2618, -60.9249, 9.28113
4, -49.7741, -60.8084, 9.16365
4.01, -50.286, -60.6929, 9.04538
4.02, -50.7976, -60.5784, 8.92633
4.03, -51.3089, -60.4649, 8.80649
4.04, -51.8198, -60.3524, 8.68587
4.05, -52.3305, -60.2409, 8.56447
4.06, -52.8409, -60.1303, 8.44229
4.07, -53.351, -60.0207, 8.31934
4.08, -53.8608, -59.9122, 8.19562
4.09, -54.3703, -59.8046, 8.07112
4.1, -54.8797, -59.698, 7.94586
4.11, -55.3887, -59.5925, 7.81983
4.12, -55.8976, -59.4879, 7.69303
4.13, -56.4063, -59.3843, 7.56547
4.14, -56.9147, -59.2817, 7.43715
4.15, -57.423, -59.1802, 7.30807
4.16, -57.9311, -59.0796, 7.17823
4.17, -58.439, -58.9801, 7.04764
4.18, -58.9468, -58.8815, 6.91629
4.19, -59.4544, -58.784, 6.78419
4.2, -59.9619, -58.6875, 6.65135
4.21, -60.4693, -58.592, 6.51775
4.22, -60.9765, -58.4975, 6.38341
4.23, -61.4837, -58.404, 6.24832
4.24, -61.9908, -58.3116, 6.11249
4.25, -62.4978, -58.2201, 5.97592
4.26, -63.0047, -58.1297, 5.8386
4.27, -63.5116, -58.0403, 5.70055
4.28, -64.0185, -57.952, 5.56177
4.29, -64.5253, -57.8646, 5.42224
4.3, -65.0321, -57.7783, 5.28199
4.31, -65.5389, -57.693, 5.141
4.32, -66.0457, -57.6087, 4.99928
4.33, -66.5525, -57.5255, 4.85683
4.34, -67.0593, -57.4433, 4.71366
4.35, -67.5662, -57.3621, 4.56975
4.36, -68.0731, -57.2819, 4.42513
4.37, -68.5801, -57.2028, 4.27978
4.38, -69.0871, -57.1247, 4.1337
4.39, -69.5942, -57.0476, 3.98691
4.4, -70.1014, -56.9716, 3.83939
4.41, -70.6087, -56.8966, 3.69116
4.42, -71.1162, -56.8227, 3.54221
4.43, -71.6237, -56.7498, 3.39254
4.44, -72.1314, -56.6779, 3.24216
4.45, -72.6392, -56.607, 3.09106
4.46, -73.1472, -56.5372, 2.93926
4.47, -73.6554, -56.4684, 2.78674
4.48, -74.1637, -56.4007, 2.63351
4.49, -74.6722, -56.334, 2.47957
4.5, -75.1809, -56.2684, 2.32492
4.51, -75.6899, -56.2038, 2.16956
4.52, -76.199, -56.1402, 2.0135
4.53, -76.7084, -56.0776, 1.85673
4.54, -77.218, -56.0162, 1.69926
4.55, -77.7279, -55.9557, 1.54108
4.56, -78.238, -55.8963, 1.3822
4.57, -78.7484, -55.8379, 1.22262
4.58, -79.2591, -55.7806, 1.06234
4.59, -79.7701, -55.7243, 0.901357
4.6, -80.2814, -55.669, 0.739675
4.61, -80.793, -55.6148, 0.577295
4.62, -81.3049, -55.5617, 0.414217
4.63, -81.8172, -55.5095, 0.250441
4.64, -82.3298, -55.4584, 0.0859693
4.65, -82.8427, -55.4084, -0.0791984
4.66, -83.3561, -55.3594, -0.245061
4.67, -83.8698, -55.3114, -0.411618
4.68, -84.3839, -55.2645, -0.578869
4.69, -84.8984, -55.2186, -0.746814
4.7, -85.4133, -55.1737, -0.91545
4.71, -85.9286, -55.1299, -1.08478
4.72, -86.4443, -55.0871, -1.2548
4.73, -86.9605, -55.0454, -1.42551
4.74, -87.4771, -55.0047, -1.59691
4.75, -87.9942, -54.965, -1.76901
4.76, -88.5117, -54.9264, -1.94179
4.77, -89.0297, -54.8888, -2.11526
4.78, -89.5483, -54.8522, -2.28942
4.79, -90.0673, -54.8167, -2.46426
4.8, -90.5868, -54.7822, -2.6398
4.81, -91.1068, -54.7488, -2.81602
4.82, -91.6273, -54.7163, -2.99293
4.83, -92.1484, -54.6849, -3.17053
4.84, -92.67, -54.6546, -3.34882
4.85, -93.1922, -54.6252, -3.52779
4.86, -93.715, -54.5969, -3.70744
4.87, -94.2383, -54.5696, -3.88779
4.88, -94.7622, -54.5433, -4.06881
4.89, -95.2867, -54.5181, -4.25053
4.9, -95.8118, -54.4939, -4.43293
4.91, -96.3375, -54.4707, -4.61601
4.92, -96.8638, -54.4485, -4.79978
4.93, -97.3907, -54.4274, -4.98423
4.94, -97.9183, -54.4073, -5.16937
4.95, -98.4465, -54.3881, -5.3552
4.96, -98.9754, -54.37, -5.5417
4.97, -99.505, -54.353, -5.7289
4.98, -100.035, -54.3369, -5.91677
4.99, -100.566, -54.3218, -6.10534
5, -101.098, -54.3078, -6.29458
5.01, -101.63, -54.2947, -6.48451
5.02, -102.163, -54.2827, -6.67513
5.03, -102.697, -54.2717, -6.86643
5.04, -103.231, -54.2617, -7.05841
5.05, -103.766, -54.2526, -7.25108
5.06, -104.302, -54.2446, -7.44444
5.07, -104.839, -54.2376, -7.63848
5.08, -105.376, -54.2316, -7.8332
5.09, -105.915, -54.2265, -8.02861
5.1, -106.454, -54.2225, -8.22471
5.11, -106.993, -54.2195, -8.42149
5.12, -107.534, -54.2174, -8.61896
5.13, -108.075, -54.2163, -8.81711
5.14, -108.617, -54.2162, -9.01595
5.15, -109.16, -54.2171, -9.21548
5.16, -109.704, -54.219, -9.41569
5.17, -110.249, -54.2219, -9.61659
5.18, -110.794, -54.2257, -9.81818
5.19, -111.341, -54.2305, -10.0205
5.2, -111.888, -54.2363, -10.2234
5.21, -112.436, -54.2431, -10.4271
5.22, -112.985, -54.2508, -10.6314
5.23, -113.535, -54.2595, -10.8364
5.24, -114.086, -54.2692, -11.0422
5.25, -114.637, -54.2798, -11.2486
5.26, -115.19, -54.2914, -11.4557
5.27, -115.743, -54.3039, -11.6635
5.28, -116.298, -54.3174, -11.8719
5.29, -116.853, -54.3319, -12.0811
5.3, -117.409, -54.3473, -12.291
5.31, -117.966, -54.3636, -12.5015
5.32, -118.524, -54.3809, -12.7128
5.33, -119.083, -54.3991, -12.9248
5.34, -119.643, -54.4183, -13.1374
5.35, -120.204, -54.4384, -13.3507
5.36, -120.766, -54.4594, -13.5648
5.37, -121.329, -54.4814, -13.7795
5.38, -121.893, -54.5043, -13.9949
5.39, -122.458, -54.5282, -14.211
5.4, -123.024, -54.5529, -14.4279
5.41, -123.591, -54.5786, -14.6454
5.42, -124.159, -54.6052, -14.8636
5.43, -124.729, -54.6327, -15.0825
5.44, -125.299, -54.6611, -15.3021
5.45, -125.87, -54.6905, -15.5224
5.46, -126.442, -54.7207, -15.7435
5.47, -127.015, -54.7519, -15.9652
5.48, -127.589, -54.784, -16.1876
5.49, -128.165, -54.8169, -16.4107
5.5, -128.741, -54.8508, -16.6346
5.51, -129.319, -54.8855, -16.8591
5.52, -129.898, -54.9212, -17.0844
5.53, -130.477, -54.9577, -17.3103
5.54, -131.058, -54.9951, -17.537
5.55, -131.64, -55.0334, -17.7644
5.56, -132.223, -55.0726, -17.9924
5.57, -132.807, -55.1127, -18.2212
5.58, -133.393, -55.1536, -18.4507
5.59, -133.979, -55.1954, -18.6809
5.6, -134.567, -55.2381, -18.9119
5.61, -135.155, -55.2816, -19.1435
5.62, -135.745, -55.326, -19.3759
5.63, -136.336, -55.3713, -19.6089
5.64, -136.928, -55.4174, -19.8427
5.65, -137.522, -55.4644, -20.0772
5.66, -138.116, -55.5122, -20.3124
5.67, -138.712, -55.5609, -20.5484
5.68, -139.309, -55.6104, -20.785
5.69, -139.907, -55.6608, -21.0224
5.7, -140.507, -55.712, -21.2605
5.71, -141.107, -55.764, -21.4993
5.72, -141.709, -55.8169, -21.7389
5.73, -142.312, -55.8706, -21.9792
5.74, -142.916, -55.9251, -22.2202
5.75, -143.522, -55.9804, -22.4619
5.76, -144.128, -56.0366, -22.7043
5.77, -144.736, -56.0936, -22.9475
5.78, -145.345, -56.1514, -23.1914
5.79, -145.956, -56.21, -23.4361
5.8, -146.567, -56.2694, -23.6815
5.81, -147.18, -56.3297, -23.9276
5.82, -147.795, -56.3907, -24.1744
5.83, -148.41, -56.4525, -24.422
5.84, -149.027, -56.5152, -24.6703
5.85, -149.645, -56.5786, -24.9194
5.86, -150.264, -56.6428, -25.1691
5.87, -150.885, -56.7078, -25.4197
5.88, -151.507, -56.7736, -25.6709
5.89, -152.13, -56.8401, -25.923
5.9, -152.755, -56.9075, -26.1757
5.91, -153.381, -56.9756, -26.4292
5.92, -154.008, -57.0445, -26.6835
5.93, -154.636, -57.1141, -26.9385
5.94, -155.266, -57.1846, -27.1942
5.95, -155.898, -57.2558, -27.4507
5.96, -156.53, -57.3277, -27.7079
5.97, -157.164, -57.4004, -27.9659
5.98, -157.799, -57.4739, -28.2246
5.99, -158.436, -57.5481, -28.4841
6, -159.074, -57.6231, -28.7444
6.01, -159.713, -57.6988, -29.0054
6.02, -160.354, -57.7752, -29.2672
6.03, -160.996, -57.8524, -29.5297
6.04, -161.64, -57.9303, -29.793
6.05, -162.285, -58.009, -30.057
6.06, -162.931, -58.0884, -30.3218
6.07, -163.579, -58.1685, -30.5874
6.08, -164.228, -58.2493, -30.8537
6.09, -164.878, -58.3309, -31.1208
6.1, -165.53, -58.4132, -31.3887
6.11, -166.184, -58.4962, -31.6573
6.12, -166.838, -58.5799, -31.9267
6.13, -167.495, -58.6643, -32.1969
6.14, -168.152, -58.7494, -32.4678
6.15, -168.811, -58.8353, -32.7396
6.16, -169.472, -58.9218, -33.012
6.17, -170.134, -59.009, -33.2853
6.18, -170.797, -59.097, -33.5594
6.19, -171.462, -59.1856, -33.8342
6.2, -172.129, -59.2749, -34.1098
6.21, -172.796, -59.3649, -34.3862
6.22, -173.466, -59.4556, -34.6634
6.23, -174.136, -59.5469, -34.9414
6.24, -174.809, -59.639, -35.2201
6.25, -175.482, -59.7317, -35.4996
6.26, -176.157, -59.8251, -35.78
6.27, -176.834, -59.9192, -36.0611
6.28, -177.512, -60.0139, -36.343
6.29, -178.192, -60.1093, -36.6257
6.3, -178.873, -60.2054, -36.9092
6.31, -179.556, -60.3021, -37.1935
6.32, -180.24, -60.3995, -37.4786
6.33, -180.926, -60.4975, -37.7644
6.34, -181.613, -60.5962, -38.0511
6.35, -182.302, -60.6955, -38.3386
6.36, -182.992, -60.7955, -38.6269
6.37, -183.684, -60.8962, -38.916
6.38, -184.378, -60.9974, -39.2059
6.39, -185.073, -61.0993, -39.4966
6.4, -185.769, -61.2019, -39.7881
6.41, -186.467, -61.3051, -40.0805
6.42, -187.167, -61.4089, -40.3736
6.43, -187.868, -61.5133, -40.6676
6.44, -188.571, -61.6184, -40.9623
6.45, -189.275, -61.7241, -41.2579
6.46, -189.981, -61.8304, -41.5543
6.47, -190.688, -61.9373, -41.8516
6.48, -191.397, -62.0449, -42.1496
6.49, -192.108, -62.153, -42.4485
6.5, -192.82, -62.2618, -42.7482
6.51, -193.534, -62.3712, -43.0487
6.52, -194.249, -62.4812, -43.35
6.53, -194.966, -62.5918, -43.6522
6.54, -195.685, -62.703, -43.9552
6.55, -196.405, -62.8148, -44.2591
6.56, -197.127, -62.9272, -44.5637
6.57, -197.851, -63.0402, -44.8692
6.58, -198.576, -63.1537, -45.1756
6.59, -199.302, -63.2679, -45.4828
6.6, -200.031, -63.3827, -45.7908
6.61, -200.761, -63.498, -46.0996
6.62, -201.492, -63.614, -46.4093
6.63, -202.226, -63.7305, -46.7199
6.64, -202.961, -63.8476, -47.0313
6.65, -203.697, -63.9652, -47.3435
6.66, -204.436, -64.0835, -47.6566
6.67, -205.175, -64.2023, -47.9706
6.68, -205.917, -64.3217, -48.2854
6.69, -206.66, -64.4416, -48.601
6.7, -207.405, -64.5621, -48.9175
6.71, -208.152, -64.6832, -49.2349
6.72, -208.9, -64.8049, -49.5531
6.73, -209.65, -64.9271, -49.8722
6.74, -210.401, -65.0498, -50.1921
6.75, -211.155, -65.1732, -50.513
6.76, -211.91, -65.297, -50.8346
6.77, -212.666, -65.4214, -51.1572
6.78, -213.425, -65.5464, -51.4806
6.79, -214.185, -65.6719, -51.8049
6.8, -214.947, -65.798, -52.13
6.81, -215.71, -65.9246, -52.4561
6.82, -216.476, -66.0518, -52.783
6.83, -217.243, -66.1795, -53.1107
6.84, -218.011, -66.3077, -53.4394
6.85, -218.782, -66.4365, -53.7689
6.86, -219.554, -66.5658, -54.0994
6.87, -220.328, -66.6956, -54.4307
6.88, -221.103, -66.8259, -54.7629
6.89, -221.881, -66.9568, -55.096
6.9, -222.66, -67.0883, -55.4299
6.91, -223.441, -67.2202, -55.7648
6.92, -224.223, -67.3527, -56.1006
6.93, -225.008, -67.4856, -56.4372
6.94, -225.794, -67.6191, -56.7748
6.95, -226.582, -67.7532, -57.1132
6.96, -227.371, -67.8877, -57.4525
6.97, -228.163, -68.0228, -57.7928
6.98, -228.956, -68.1583, -58.1339
6.99, -229.751, -68.2944, -58.476
7, -230.548, -68.431, -58.819
7.01, -231.347, -68.5681, -59.1628
7.02, -232.147, -68.7057, -59.5076
7.03, -232.949, -68.8438, -59.8533
7.04, -233.753, -68.9824, -60.1999
7.05, -234.559, -69.1215, -60.5474
7.06, -235.366, -69.2611, -60.8959
7.07, -236.176, -69.4012, -61.2452
7.08, -236.987, -69.5418, -61.5955
7.09, -237.8, -69.6828, -61.9467
7.1, -238.615, -69.8244, -62.2988
7.11, -239.432, -69.9665, -62.6519
7.12, -240.25, -70.109, -63.0059
7.13, -241.07, -70.2521, -63.3608
7.14, -241.893, -70.3956, -63.7166
7.15, -242.717, -70.5397, -64.0734
7.16, -243.542, -70.6842, -64.4311
7.17, -244.37, -70.8291, -64.7898
7.18, -245.2, -70.9746, -65.1493
7.19, -246.031, -71.1206, -65.5099
7.2, -246.864, -71.267, -65.8713
7.21, -247.7, -71.4139, -66.2337
7.22, -248.537, -71.5612, -66.5971
7.23, -249.375, -71.7091, -66.9614
7.24, -250.216, -71.8574, -67.3267
7.25, -251.059, -72.0062, -67.6929
7.26, -251.903, -72.1555, -68.0601
7.27, -252.75, -72.3052, -68.4282
7.28, -253.598, -72.4554, -68.7972
7.29, -254.448, -72.606, -69.1673
7.3, -255.3, -72.7572, -69.5383
7.31, -256.154, -72.9087, -69.9102
7.32, -257.01, -73.0608, -70.2832
7.33, -257.867, -73.2133, -70.6571
7.34, -258.727, -73.3663, -71.0319
7.35, -259.589, -73.5197, -71.4078
7.36, -260.452, -73.6736, -71.7846
7.37, -261.317, -73.8279, -72.1623
7.38, -262.185, -73.9827, -72.5411
7.39, -263.054, -74.1379, -72.9208
7.4, -263.925, -74.2936, -73.3015
7.41, -264.798, -74.4497, -73.6832
7.42, -265.673, -74.6063, -74.0659
7.43, -266.55, -74.7634, -74.4496
7.44, -267.429, -74.9209, -74.8342
7.45, -268.31, -75.0788, -75.2198
7.46, -269.193, -75.2372, -75.6065
7.47, -270.078, -75.396, -75.9941
7.48, -270.964, -75.5552, -76.3827
7.49, -271.853, -75.715, -76.7723
7.5, -272.744, -75.8751, -77.1629
7.51, -273.636, -76.0357, -77.5546
7.52, -274.531, -76.1967, -77.9472
7.53, -275.427, -76.3582, -78.3408
7.54, -276.326, -76.52, -78.7354
7.55, -277.226, -76.6824, -79.1311
7.56, -278.129, -76.8451, -79.5277
7.57, -279.033, -77.0083, -79.9254
7.58, -279.94, -77.1719, -80.3241
7.59, -280.848, -77.336, -80.7238
7.6, -281.759, -77.5005, -81.1245
7.61, -282.671, -77.6654, -81.5262
7.62, -283.586, -77.8307, -81.929
7.63, -284.502, -77.9965, -82.3327
7.64, -285.421, -78.1627, -82.7375
7.65, -286.341, -78.3293, -83.1434
7.66, -287.264, -78.4964, -83.5502
7.67, -288.188, -78.6638, -83.9581
7.68, -289.115, -78.8317, -84.3671
7.69, -290.043, -79, -84.777
7.7, -290.974, -79.1688, -85.188
7.71, -291.907, -79.3379, -85.6001
7.72, -292.841, -79.5075, -86.0132
7.73, -293.778, -79.6775, -86.4273
7.74, -294.717, -79.8479, -86.8425
7.75, -295.658, -80.0187, -87.2587
7.76, -296.601, -80.1899, -87.676
7.77, -297.546, -80.3616, -88.0943
7.78, -298.493, -80.5336, -88.5137
7.79, -299.442, -80.7061, -88.9341
7.8, -300.393, -80.879, -89.3556
7.81, -301.346, -81.0523, -89.7782
7.82, -302.302, -81.226, -90.2018
7.83, -303.259, -81.4001, -90.6265
7.84, -304.218, -81.5747, -91.0522
7.85, -305.18, -81.7496, -91.479
7.86, -306.144, -81.9249, -91.9069
7.87, -307.109, -82.1007, -92.3359
7.88, -308.077, -82.2768, -92.7659
7.89, -309.047, -82.4534, -93.197
7.9, -310.019, -82.6304, -93.6292
7.91, -310.993, -82.8077, -94.0625
7.92, -311.97, -82.9855, -94.4969
7.93, -312.948, -83.1637, -94.9323
7.94, -313.928, -83.3423, -95.3688
7.95, -314.911, -83.5212, -95.8064
7.96, -315.896, -83.7006, -96.2451
7.97, -316.883, -83.8804, -96.6849
7.98, -317.872, -84.0606, -97.1258
7.99, -318.863, -84.2412, -97.5678
8, -319.856, -84.4221, -98.0109
8.01, -320.851, -84.6035, -98.4551
8.02, -321.849, -84.7853, -98.9004
8.03, -322.849, -84.9674, -99.3468
8.04, -323.85, -85.15, -99.7943
8.05, -324.854, -85.3329, -100.243
8.06, -325.861, -85.5163, -100.693
8.07, -326.869, -85.7, -101.143
8.08, -327.879, -85.8842, -101.595
8.09, -328.892, -86.0687, -102.049
8.1, -329.907, -86.2536, -102.503
8.11, -330.924, -86.4389, -102.958
8.12, -331.943, -86.6246, -103.414
8.13, -332.964, -86.8107, -103.872
8.14, -333.988, -86.9972, -104.331
8.15, -335.014, -87.184, -104.791
8.16, -336.041, -87.3713, -105.252
8.17, -337.072, -87.5589, -105.714
8.18, -338.104, -87.747, -106.177
8.19, -339.138, -87.9354, -106.641
8.2, -340.175, -88.1242, -107.107
8.21, -341.214, -88.3134, -107.573
8.22, -342.255, -88.503, -108.041
8.23, -343.299, -88.6929, -108.51
8.24, -344.344, -88.8833, -108.98
8.25, -345.392, -89.074, -109.452
8.26, -346.442, -89.2651, -109.924
8.27, -347.494, -89.4566, -110.398
8.28, -348.549, -89.6485, -110.872
8.29, -349.605, -89.8407, -111.348
8.3, -350.664, -90.0334, -111.825
8.31, -351.726, -90.2264, -112.303
8.32, -352.789, -90.4198, -112.783
8.33, -353.855, -90.6136, -113.263
8.34, -354.923, -90.8077, -113.745
8.35, -355.993, -91.0023, -114.228
8.36, -357.065, -91.1972, -114.712
8.37, -358.14, -91.3925, -115.197
8.38, -359.217, -91.5882, -115.684
8.39, -360.297, -91.7842, -116.171
8.4, -361.378, -91.9807, -116.66
8.41, -362.462, -92.1775, -117.15
8.42, -363.548, -92.3747, -117.641
8.43, -364.636, -92.5722, -118.134
8.44, -365.727, -92.7702, -118.627
8.45, -366.82, -92.9685, -119.122
8.46, -367.915, -93.1672, -119.618
8.47, -369.013, -93.3662, -120.115
8.48, -370.113, -93.5657, -120.613
8.49, -371.215, -93.7655, -121.113
8.5, -372.32, -93.9657, -121.614
8.51, -373.426, -94.1662, -122.116
8.52, -374.536, -94.3672, -122.619
8.53, -375.647, -94.5685, -123.123
8.54, -376.761, -94.7702, -123.629
8.55, -377.877, -94.9722, -124.136
8.56, -378.995, -95.1746, -124.644
8.57, -380.116, -95.3774, -125.153
8.58, -381.239, -95.5806, -125.663
8.59, -382.365, -95.7841, -126.175
8.6, -383.493, -95.9881, -126.688
8.61, -384.623, -96.1923, -127.202
8.62, -385.755, -96.397, -127.718
8.63, -386.89, -96.602, -128.234
8.64, -388.027, -96.8074, -128.752
8.65, -389.167, -97.0132, -129.271
8.66, -390.309, -97.2193, -129.792
8.67, -391.453, -97.4258, -130.313
8.68, -392.6, -97.6326, -130.836
8.69, -393.749, -97.8399, -131.36
8.7, -394.9, -98.0475, -131.885
8.71, -396.054, -98.2554, -132.412
8.72, -397.21, -98.4638, -132.94
8.73, -398.369, -98.6725, -133.469
8.74, -399.53, -98.8816, -133.999
8.75, -400.693, -99.091, -134.531
8.76, -401.859, -99.3008, -135.064
8.77, -403.027, -99.511, -135.598
8.78, -404.198, -99.7215, -136.134
8.79, -405.371, -99.9324, -136.67
8.8, -406.546, -100.144, -137.208
8.81, -407.724, -100.355, -137.747
8.82, -408.904, -100.567, -138.288
8.83, -410.087, -100.78, -138.83
8.84, -411.272, -100.992, -139.373
8.85, -412.459, -101.206, -139.917
8.86, -413.649, -101.419, -140.463
8.87, -414.842, -101.633, -141.01
8.88, -416.037, -101.847, -141.558
8.89, -417.234, -102.062, -142.108
8.9, -418.434, -102.276, -142.659
8.91, -419.636, -102.492, -143.211
8.92, -420.841, -102.707, -143.764
8.93, -422.048, -102.923, -144.319
8.94, -423.257, -103.14, -144.875
8.95, -424.469, -103.357, -145.432
8.96, -425.684, -103.574, -145.991
8.97, -426.901, -103.791, -146.551
8.98, -428.12, -104.009, -147.112
8.99, -429.342, -104.227, -147.675
9, -430.567, -104.446, -148.239
9.01, -431.793, -104.665, -148.804
9.02, -433.023, -104.884, -149.371
9.03, -434.255, -105.103, -149.939
9.04, -435.489, -105.323, -150.508
9.05, -436.726, -105.544, -151.078
9.06, -437.965, -105.765, -151.65
9.07, -439.207, -105.986, -152.224
9.08, -440.452, -106.207, -152.798
9.09, -441.699, -106.429, -153.374
9.1, -442.948, -106.651, -153.951
9.11, -444.2, -106.874, -154.53
9.12, -445.455, -107.096, -155.11
9.13, -446.712, -107.32, -155.691
9.14, -447.971, -107.543, -156.274
9.15, -449.233, -107.767, -156.858
9.16, -450.498, -107.992, -157.443
9.17, -451.765, -108.216, -158.03
9.18, -453.035, -108.441, -158.618
9.19, -454.307, -108.667, -159.208
9.2, -455.582, -108.893, -159.798
9.21, -456.859, -109.119, -160.391
9.22, -458.139, -109.345, -160.984
9.23, -459.422, -109.572, -161.579
9.24, -460.707, -109.799, -162.175
9.25, -461.995, -110.027, -162.773
9.26, -463.285, -110.255, -163.372
9.27, -464.578, -110.483, -163.973
9.28, -465.873, -110.712, -164.574
9.29, -467.171, -110.941, -165.178
9.3, -468.472, -111.17, -165.782
9.31, -469.775, -111.4, -166.388
9.32, -471.081, -111.63, -166.996
9.33, -472.389, -111.86, -167.605
9.34, -473.7, -112.091, -168.215
9.35, -475.014, -112.322, -168.826
9.36, -476.33, -112.554, -169.439
9.37, -477.649, -112.786, -170.054
9.38, -478.97, -113.018, -170.67
9.39, -480.294, -113.251, -171.287
9.4, -481.621, -113.484, -171.906
9.41, -482.95, -113.717, -172.526
9.42, -484.282, -113.951, -173.147
9.43, -485.617, -114.185, -173.77
9.44, -486.954, -114.419, -174.394
9.45, -488.294, -114.654, -175.02
9.46, -489.636, -114.889, -175.647
9.47, -490.982, -115.125, -176.276
9.48, -492.329, -115.361, -176.906
9.49, -493.68, -115.597, -177.538
9.5, -495.033, -115.833, -178.171
9.51, -496.389, -116.07, -178.805
9.52, -497.747, -116.308, -179.441
9.53, -499.108, -116.545, -180.078
9.54, -500.472, -116.783, -180.717
9.55, -501.839, -117.022, -181.357
9.56, -503.208, -117.26, -181.999
9.57, -504.58, -117.499, -182.642
9.58, -505.954, -117.739, -183.286
9.59, -507.332, -117.979, -183.932
9.6, -508.712, -118.219, -184.58
9.61, -510.094, -118.459, -185.229
9.62, -511.48, -118.7, -185.879
9.63, -512.868, -118.942, -186.531
9.64, -514.258, -119.183, -187.184
9.65, -515.652, -119.425, -187.839
9.66, -517.048, -119.667, -188.495
9.67, -518.447, -119.91, -189.153
9.68, -519.849, -120.153, -189.812
9.69, -521.253, -120.397, -190.473
9.7, -522.66, -120.64, -191.135
9.71, -524.07, -120.884, -191.799
9.72, -525.483, -121.129, -192.464
9.73, -526.898, -121.374, -193.131
9.74, -528.316, -121.619, -193.799
9.75, -529.737, -121.865, -194.469
9.76, -531.161, -122.111, -195.14
9.77, -532.587, -122.357, -195.813
9.78, -534.016, -122.603, -196.487
9.79, -535.448, -122.851, -197.163
9.8, -536.883, -123.098, -197.84
9.81, -538.32, -123.346, -198.519
9.82, -539.761, -123.594, -199.199
9.83, -541.204, -123.842, -199.881
9.84, -542.649, -124.091, -200.565
9.85, -544.098, -124.34, -201.249
9.86, -545.549, -124.59, -201.936
9.87, -547.003, -124.84, -202.624
9.88, -548.46, -125.09, -203.313
9.89, -549.92, -125.341, -204.004
9.9, -551.383, -125.592, -204.697
9.91, -552.848, -125.843, -205.391
9.92, -554.316, -126.095, -206.087
9.93, -555.788, -126.347, -206.784
9.94, -557.261, -126.599, -207.482
9.95, -558.738, -126.852, -208.183
9.96, -560.218, -127.105, -208.885
9.97, -561.7, -127.359, -209.588
9.98, -563.185, -127.612, -210.293
9.99, -564.673, -127.867, -210.999
10, -566.164, -128.121, -211.707
